6018   44.294
6019   50.379
6020   36.541
6021   64.694
6022   67.139
6023   60.255
6024   36.690
6025   47.405
6026   76.302
6027   98.219
6028   39.797
6029   3.770
6030   36.201
6031   26.670
6032   26.421
6033   49.171
6034   48.480
6035   46.152
6036   31.666
6038   58.312
6039   55.181
6040   50.916
6041   35.044
6042   42.630
6043   21.448
6044   30.896
6045   8.808
6046   94.143
6049   3.314
6050   12.609
6051   9.798
6052   18.685
6053   8.867
6054   57.207
6055   11.808
6056   109.38
6057   109.90
6058   83.671
6059   43.885
6060   45.549
6061   47.451
6062   14.776
6063   51.203
6064   46.839
6065   171.94
6066   97.528
6067   108.56
6068   47.672
6070   45.979
6071   35.892
6073   107.36
6080   123.57
6081   12.395
6082   125.77
6083   147.32
6084   121.39
6085   43.588
6086   106.35
6087   149.28
6088   36.154
6089   37.364
6090   36.077
6091   31.524
6093   28.901
6094   3.674
6095   3.432
6096   22.132
6097   17.512
6098   107.89
6099   52.283
6101   40.644
6102   68.963
6103   29.627
6104   58.856
6105   58.857
6106   33.840
6109   52.043
6110   48.684
6111   28.019
6112   34.698
6114   11.530
6115   53.041
6116   34.821
6117   61.569
6118   77.219
6119   56.110
6120   37.883
6121   27.965
6122   95.846
6123   133.88
6124   79.916
6125   73.773
6126   32.990
6127   35.737
6128   80.911
6129   18.693
6130   22.310
6132   43.350
6133   8.806
6135   17.790
6136   44.375
6137   44.716
6138   40.029
6139   98.469
6140   86.531
6141   95.317
6142   20.935
6144   84.916
6145   40.840
6146   8.126
6154   37.208
6155   2.264
6163   47.712
6164   8.508
6166   7.926
6168   60.194
6169   4.744
6170   36.727
6171   30.202
6172   40.279
6174   45.060
6175   37.337
6177   50.761
6178   55.364
6179   33.365
6180   29.979
6181   29.715
6182   34.682
6183   56.503
6184   23.885
6185   18.291
6186   26.249
6187   25.788
6188   39.497
6189   38.672
6190   37.359
6192   72.290
6193   77.174
6194   52.384
6195   56.729
6196   97.973
6197   90.769
6198   52.448
6199   56.356
6200   94.171
6201   92.667
6202   89.983
6203   88.376
6204   53.378
6205   48.047
6208   14.572
6209   59.821
6210   25.403
6211   63.137
6212   143.39
6213   83.358
6214   70.625
6215   9.716
6216   38.725
6217   11.706
6219   41.038
6220   35.479
6221   20.539
6222   51.093
6223   58.409
6224   55.999
6225   22.091
6237   78.963
6240   143.38
6241   111.32
6242   78.145
6243   63.857
6244   50.219
6245   81.508
6246   38.283
6247   66.048
6248   52.787
6249   67.718
6250   76.934
6251   93.192
6252   78.283
6253   119.41
6254   112.68
6255   121.92
6256   93.582
6257   205.03
6258   42.272
6259   138.16
6260   46.809
6261   140.12
6262   110.73
6263   44.662
6264   40.604
6265   40.231
6266   79.504
6267   54.361
6270   47.224
6271   73.902
6272   70.387
6273   32.188
6274   44.109
6275   72.152
6276   56.338
6277   117.72
6281   109.32
6282   92.075
6284   137.89
6285   41.353
6286   192.50
6287   117.94
6288   149.05
6289   152.18
6290   124.06
6291   61.286
6292   109.53
6293   72.883
6294   54.397
6295   114.44
6296   106.86
6297   145.78
6298   60.680
6299   130.77
6300   118.56
6301   190.78
6302   186.38
6304   109.87
6305   152.23
6306   38.991
6307   153.90
6308   110.11
6309   92.765
6310   32.902
6311   38.117
6312   62.213
6313   79.762
6314   75.916
6315   81.121
6316   80.125
6317   74.882
6318   88.349
6322   66.775
6323   48.934
6324   21.056
6325   54.139
6326   43.104
6327   34.967
6328   58.473
6329   97.922
6331   158.00
6332   83.446
6334   57.681
6335   63.981
6336   68.357
6337   56.877
6338   64.282
6339   3.812
6340   32.913
6341   45.422
6342   51.933
6343   42.968
6344   13.149
6345   139.30
6346   31.956
6347   15.393
6348   60.973
6349   76.136
6350   72.898
6351   43.957
6352   67.833
6353   67.963
6354   149.72
6355   136.70
6356   204.73
6357   162.37
6358   92.621
6359   139.91
6360   101.67
6363   28.421
6364   74.628
6365   71.742
6367   84.052
6368   82.900
6370   69.704
6371   85.482
6372   99.024
6373   124.24
6374   53.091
6375   95.663
6376   148.11
6377   64.629
6378   85.216
6379   86.263
6380   94.361
6381   18.383
6382   74.522
6383   108.67
6385   79.394
6386   29.752
6387   127.63
6388   104.50
6389   63.828
6390   59.344
6391   40.267
6393   18.873
6394   56.755
6395   71.767
6396   20.869
6397   42.903
6398   69.760
6399   15.396
6400   7.336
6401   3.741
6402   54.748
6403   63.942
6404   49.165
6405   60.892
6406   54.557
6407   54.820
6408   74.615
6410   8.205
6411   39.652
6412   29.690
6413   31.769
6415   42.477
6416   32.547
6417   24.976
6419   102.48
6421   79.226
6422   55.297
6423   25.410
6425   54.762
6426   31.429
6427   54.014
6428   60.610
6429   44.482
6430   66.963
6431   34.664
6432   62.764
6433   59.688
6434   63.004
6435   61.615
6436   37.319
6439   46.085
6440   54.456
6441   49.361
6442   66.569
6443   29.138
6444   32.378
6445   30.602
6446   27.798
6447   28.106
6448   31.615
6449   45.236
6450   74.036
6451   64.911
6452   76.329
6453   78.598
6454   151.92
6455   35.356
6456   105.85
6459   112.88
6460   10.018
6461   120.43
6462   108.72
6463   13.035
6464   93.675
6465   115.35
6466   97.832
6467   73.045
6468   63.423
6469   17.649
6470   72.912
6471   61.172
6472   79.697
6473   36.261
6474   7.255
6475   48.223
6476   48.097
6477   48.028
6478   48.304
6479   43.970
6482   25.899
6483   27.827
6484   12.082
6485   10.839
6486   102.57
6487   56.195
6488   49.192
6489   85.974
6490   72.338
6491   17.593
6493   72.663
6494   62.134
6495   69.719
6496   22.980
6497   58.953
6498   47.311
6499   36.238
6500   32.319
6501   40.316
6502   69.954
6503   44.663
6504   21.499
6506   22.012
6507   89.917
6509   43.105
6510   28.747
6512   43.272
6513   42.037
6514   15.920
6515   30.436
6516   11.730
6517   30.614
6518   24.869
6519   120.41
6520   51.005
6521   101.80
6522   85.695
6523   107.83
6524   144.10
6525   117.79
6526   100.56
6527   77.429
6528   184.16
6529   128.32
6531   127.20
6532   57.703
6533   66.332
6534   45.679
6535   110.45
6536   99.870
6537   61.192
6538   35.901
6539   35.246
6541   55.178
6542   30.261
6543   43.628
6544   45.284
6545   107.51
6546   50.683
6547   53.225
6548   45.222
6549   61.948
6550   62.500
6551   56.486
6552   66.694
7593   81.737
7594   184.67
7595   100.99
7596   54.054
7597   127.57
7599   6.017
7600   17.561
7601   34.357
7602   102.25
7603   113.02
7604   49.897
7605   135.17
7606   117.49
7607   47.285
7608   178.73
7609   180.62
7610   111.43
7611   158.31
7612   128.33
7613   168.93
7614   166.01
7615   173.47
7616   55.800
7617   138.83
7618   151.09
7619   106.30
7620   56.059
7621   39.085
7622   140.79
7623   141.41
7625   107.18
7626   116.31
7627   87.488
7628   103.00
7629   97.073
7630   108.84
7631   113.08
7632   115.15
7633   106.27
7634   120.46
7635   79.713
7636   88.604
7637   29.405
7638   101.10
7639   34.885
7640   52.349
7641   102.69
7642   78.921
7643   68.873
7644   80.266
7645   35.157
7646   63.543
7647   66.183
7648   70.683
7649   65.339
7650   69.058
7651   76.586
7652   79.029
7654   128.69
7655   112.70
7657   124.78
7658   126.43
7659   28.922
7660   59.289
7661   48.180
7662   47.171
7663   49.804
7666   19.243
7667   27.174
7668   45.372
7669   46.227
7670   43.048
7671   151.67
7672   178.01
7673   129.42
7674   60.084
7675   110.10
7676   131.92
7677   57.377
7678   2.839
7679   110.16
7680   101.08
7681   104.76
7682   105.00
7684   56.671
7685   55.949
7686   55.627
7687   58.846
7688   47.451
7689   68.181
7690   24.701
7692   29.704
7694   188.56
7695   128.70
7697   64.363
7698   75.684
7699   106.90
7702   103.55
7703   15.299
7706   61.283
7707   53.247
7708   56.701
7709   59.200
7710   30.027
7711   114.08
7712   57.959
7713   38.186
7714   39.344
7715   101.10
7716   31.698
7717   33.597
7718   37.302
7719   30.440
7720   31.467
7721   34.949
7722   30.475
7723   107.01
7724   102.90
7725   52.433
7727   144.44
7728   96.935
7729   34.183
7730   157.90
7733   119.63
7735   154.91
7736   177.92
7737   144.76
7738   154.91
7739   16.730
7740   180.85
7741   161.27
7742   23.763
7743   138.67
7747   65.055
7748   153.16
7749   47.338
7750   42.275
7751   138.54
7752   159.91
7753   47.109
7754   176.25
7755   88.704
7757   142.10
7758   178.01
7759   138.24
7760   110.49
7762   50.094
7763   99.001
7765   64.286
7766   57.125
7768   64.402
7769   42.886
7770   30.093
7771   33.374
7772   123.74
7773   114.97
7774   66.914
7775   82.029
7776   73.570
7777   84.811
7778   66.089
7779   64.328
7781   58.219
7782   75.855
7783   55.247
7784   58.168
7785   60.509
7786   56.443
7787   37.400
7790   87.480
7791   15.891
7792   66.375
7793   103.15
7794   101.29
7796   153.23
7797   144.12
7798   153.21
7799   148.53
7800   81.426
7801   118.77
7802   90.205
7803   84.450
7804   85.353
7805   100.24
7806   119.38
7807   60.873
7808   89.212
7809   78.280
7811   105.86
7812   118.03
7813   73.203
7814   96.565
7815   51.140
7816   54.934
7817   62.778
7820   110.63

