#Run Target	hms_angle hms_p hms_rate shms_angle shms_p shms_rate bcm1_cut_curr bcm1_cut_charge
6018	2	-16.63	4.50	17.8	11.6	4.26	452.94	30.144	44.267
6019	2	-16.63	4.50	17.8	11.6	4.26	451.69	30.055	50.348
6020	2	-16.63	4.50	17.8	11.6	4.26	451.77	30.055	36.526
6021	2	-16.63	4.50	17.8	11.6	4.26	453.59	30.172	64.657
6022	3	-16.63	4.50	4.33	11.6	4.26	88.975	40.092	67.102
6023	1	-16.63	4.50	12.4	11.6	4.26	349.45	41.348	60.221
6024	1	-16.63	4.50	14.7	11.6	4.26	415.42	47.274	36.683
6025	1	-16.63	4.50	13.6	11.6	4.26	383.77	44.528	47.394
6026	3	-16.63	4.50	4.17	11.6	4.26	85.769	38.625	76.281
6027	3	-16.63	4.50	4.24	11.6	3.65	151.98	39.243	98.182
6028	3	-16.63	4.50	4.26	11.6	3.65	152.65	39.422	39.786
6029	2	-16.63	4.50	10.3	11.6	3.65	463.20	17.448	3.767
6030	2	-16.63	4.50	9.10	11.6	3.65	410.06	15.338	36.166
6031	2	-16.63	4.50	9.41	11.6	3.65	424.26	15.884	26.625
6032	2	-16.63	4.50	9.57	11.6	3.65	430.60	16.131	26.379
6033	1	-16.63	4.50	10.0	11.6	3.65	478.32	35.056	49.155
6034	1	-16.63	4.50	9.02	11.6	3.65	431.83	31.575	48.452
6035	1	-16.63	4.50	9.60	11.6	3.65	458.63	33.639	46.136
6036	1	-16.63	4.50	9.91	11.6	3.65	473.17	34.679	31.655
6038	1	-16.63	4.50	5.07	11.6	3.04	423.30	18.044	58.256
6039	1	-16.63	4.50	5.10	11.6	3.04	425.75	18.151	55.108
6040	1	-16.63	4.50	5.11	11.6	3.04	426.34	18.177	50.876
6041	1	-16.63	4.50	5.12	11.6	3.04	427.21	18.215	35.016
6042	1	-16.63	4.50	5.10	11.6	3.04	425.71	18.149	42.597
6043	2	-16.63	4.50	5.99	11.6	3.04	471.35	10.080	21.414
6044	2	-16.63	4.50	6.02	11.6	3.04	472.78	10.111	30.848
6045	2	-16.63	4.50	6.02	11.6	3.04	472.28	10.101	8.794
6046	3	-16.63	4.50	4.35	11.6	3.04	269.53	40.296	94.108
6049	2	-16.63	4.50	3.63	11.6	2.43	484.21	6.058	3.305
6050	2	-16.63	4.50	3.63	11.6	2.43	483.39	6.049	12.565
6051	2	-16.63	4.50	3.63	11.6	2.43	484.28	6.059	9.771
6052	2	-16.63	4.50	3.63	11.6	2.43	483.51	6.049	18.624
6053	2	-16.63	4.50	3.64	11.6	2.43	483.86	6.053	8.833
6054	2	-16.63	4.50	4.23	11.6	2.43	559.16	7.072	57.076
6055	2	-16.63	4.50	4.24	11.6	2.43	560.84	7.094	11.781
6056	3	-16.63	4.50	4.35	11.6	2.43	462.76	40.283	109.35
6057	3	-16.63	4.50	4.36	11.6	2.43	463.81	40.380	109.88
6058	3	-16.63	4.50	4.38	11.6	2.43	467.06	40.669	83.649
6059	1	-16.63	4.50	3.42	11.6	2.43	482.03	12.154	43.829
6060	1	-16.63	4.50	3.43	11.6	2.43	482.88	12.175	45.472
6061	1	-16.63	4.50	3.84	11.6	2.43	537.89	13.661	47.398
6062	1	-16.63	4.50	3.83	11.6	2.43	536.89	13.636	14.760
6063	1	-16.63	4.50	3.84	11.6	2.43	538.57	13.677	51.136
6064	1	-16.63	4.50	3.84	11.6	2.43	537.86	13.656	46.787
6065	1	-16.63	4.50	15.1	11.6	4.26	277.67	47.440	171.90
6066	1	-16.63	4.50	16.2	11.6	4.26	301.43	49.569	97.504
6067	3	-16.63	4.50	4.34	11.6	4.26	65.757	40.258	108.53
6068	2	-16.63	4.50	27.0	11.6	4.26	486.15	45.080	47.662
6070	2	-16.63	4.50	27.1	11.6	4.26	487.86	45.361	45.969
6071	2	-16.63	4.50	27.2	11.6	4.26	490.12	45.519	35.885
6073	2	-16.63	4.50	16.6	11.6	3.65	478.45	28.134	107.32
6080	3	-16.63	4.50	4.35	11.6	3.65	99.655	40.397	123.54
6081	2	-16.63	4.50	16.5	11.6	3.65	477.75	28.097	12.390
6082	1	-16.63	4.50	15.6	11.6	3.65	439.53	47.248	125.74
6083	1	-16.63	4.50	15.8	11.6	3.65	442.80	48.122	147.30
6084	1	-16.63	4.50	10.5	11.6	3.04	480.28	36.315	121.35
6085	1	-16.63	4.50	10.5	11.6	3.04	479.74	36.197	43.575
6086	1	-16.63	4.50	10.5	11.6	3.04	480.77	36.134	106.30
6087	3	-16.63	4.50	4.23	11.6	3.04	157.69	39.306	149.21
6088	2	-16.63	4.50	9.67	11.6	3.04	475.50	16.345	36.121
6089	2	-16.63	4.50	9.79	11.6	3.04	480.75	16.530	37.321
6090	2	-16.63	4.50	9.74	11.6	3.04	478.98	16.464	36.034
6091	2	-16.63	4.50	5.73	11.6	2.43	484.66	9.633	31.473
6093	2	-16.63	4.50	5.62	11.6	2.43	477.46	9.481	28.822
6094	2	-16.63	4.50	5.49	11.6	2.43	467.36	9.279	3.668
6095	2	-16.63	4.50	5.65	11.6	2.43	478.68	9.513	3.426
6096	2	-16.63	4.50	5.69	11.6	2.43	483.55	9.611	22.067
6097	3	-16.63	4.50	4.04	11.6	2.43	261.60	37.415	17.507
6098	3	-16.63	4.50	4.23	11.6	2.43	273.64	39.237	107.85
6099	1	-16.63	4.50	5.63	11.6	2.43	434.38	20.060	52.247
6101	1	-16.63	4.50	5.27	11.6	2.43	409.69	18.816	40.604
6102	1	-16.63	4.50	5.71	11.6	2.43	442.10	20.363	68.916
6103	1	-16.63	4.50	5.69	11.6	2.43	439.36	20.276	29.606
6104	1	-14.24	5.98	11.8	17.0	3.22	57.954	31.253	58.834
6105	1	-14.24	5.98	10.4	17.0	3.22	50.891	28.297	58.831
6106	1	-14.24	5.98	9.36	17.0	3.22	45.692	25.533	33.823
6109	3	-14.24	5.98	3.67	17.0	3.22	18.620	29.498	52.022
6110	3	-14.24	5.98	3.78	17.0	3.22	19.065	30.253	48.665
6111	2	-14.24	5.98	19.3	17.0	3.22	120.30	29.071	28.007
6112	2	-14.24	5.98	20.2	17.0	3.22	125.52	30.360	34.684
6114	2	-14.24	5.98	19.3	17.0	3.22	119.78	28.966	11.525
6115	2	-14.24	5.98	21.0	17.0	2.76	237.99	31.478	53.020
6116	2	-14.24	5.98	20.6	17.0	2.76	234.37	30.953	34.798
6117	1	-14.24	5.98	13.8	17.0	2.76	123.62	36.550	61.550
6118	1	-14.24	5.98	15.6	17.0	2.76	140.17	39.894	77.198
6119	3	-14.24	5.98	5.03	17.0	2.76	44.648	40.454	56.095
6120	3	-14.24	5.98	4.98	17.0	2.76	44.233	40.068	37.873
6121	1	-14.24	5.98	14.9	17.0	2.76	132.86	36.626	27.956
6122	1	-14.24	5.98	24.5	17.0	2.30	347.07	44.549	95.828
6123	1	-14.24	5.98	24.3	17.0	2.30	365.16	49.710	133.86
6124	2	-14.24	5.98	22.5	17.0	2.30	473.32	33.780	79.879
6125	2	-14.24	5.98	22.9	17.0	2.30	481.34	34.329	73.749
6126	1	-14.24	5.98	19.8	17.0	2.30	312.62	45.227	32.975
6127	3	-14.24	5.98	5.03	17.0	2.30	80.496	40.476	35.728
6128	3	-14.24	5.98	4.95	17.0	2.30	79.212	39.826	80.889
6129	3	-14.24	5.98	4.64	17.0	1.84	134.12	37.296	18.688
6130	3	-14.24	5.98	4.99	17.0	1.84	144.11	40.122	22.304
6132	3	-14.24	5.98	4.05	17.0	1.84	117.37	32.552	43.334
6133	3	-14.24	5.98	1.52	17.0	1.84	44.366	12.064	8.095
6135	3	-14.24	5.98	2.00	17.0	1.84	58.189	15.926	17.773
6136	2	-14.24	5.98	11.9	17.0	1.84	477.39	18.119	44.340
6137	2	-14.24	5.98	11.8	17.0	1.84	471.16	17.878	44.670
6138	2	-14.24	5.98	11.9	17.0	1.84	474.05	17.992	39.987
6139	1	-14.24	5.98	14.5	17.0	1.84	447.82	40.090	98.443
6140	1	-14.24	5.98	15.2	17.0	1.84	468.43	41.998	86.500
6141	1	-14.24	5.98	15.4	17.0	1.84	473.54	42.431	95.294
6142	1	-14.24	5.98	17.7	17.0	3.22	205.14	48.584	20.937
6144	1	-14.24	5.98	17.8	17.0	3.22	206.52	47.658	84.892
6145	2	-14.24	5.98	34.3	17.0	3.22	418.54	51.057	40.835
6146	2	-14.24	5.98	30.9	17.0	3.22	378.57	46.071	8.125
6154	3	-14.24	5.98	14.9	17.0	3.22	191.54	22.479	37.186
6155	3	-14.24	5.98	2.50	17.0	3.22	28.482	19.922	2.263
6163	1	-14.24	5.98	29.6	17.0	3.22	328.90	72.178	48.221
6164	1	-14.24	5.98	30.8	17.0	3.22	340.54	75.119	8.632
6166	1	-14.24	5.98	20.0	17.0	3.22	232.14	54.951	7.933
6168	3	-14.24	5.98	4.80	17.0	3.22	54.570	38.580	60.177
6169	3	-14.24	5.98	5.06	17.0	3.22	57.706	40.800	4.743
6170	2	-14.24	5.98	16.6	17.0	2.76	404.62	25.172	36.708
6171	2	-14.24	5.98	16.7	17.0	2.76	405.67	25.236	30.187
6172	3	-14.24	5.98	4.97	17.0	2.76	105.44	39.998	40.269
6174	1	-14.24	5.98	20.3	17.0	2.76	451.80	55.630	45.096
6175	1	-14.24	5.98	19.8	17.0	2.76	440.71	54.253	37.374
6177	1	-14.24	5.98	10.8	17.0	2.30	468.46	30.004	50.730
6178	1	-14.24	5.98	10.7	17.0	2.30	466.20	29.859	55.321
6179	2	-14.24	5.98	10.0	17.0	2.30	462.54	15.147	33.333
6180	3	-14.24	5.98	10.0	17.0	2.30	461.09	15.103	29.949
6181	3	-14.24	5.98	5.04	17.0	2.30	194.32	40.368	29.708
6182	3	-14.24	5.98	5.01	17.0	2.30	193.14	40.138	34.673
6183	3	-14.24	5.98	4.99	17.0	1.84	309.63	40.052	56.488
6184	3	-14.24	5.98	5.02	17.0	1.84	342.24	40.386	23.879
6185	2	-14.24	5.98	6.05	17.0	1.84	505.62	9.132	18.239
6186	2	-14.24	5.98	5.97	17.0	1.84	498.76	9.003	26.183
6187	2	-14.24	5.98	6.01	17.0	1.84	500.94	9.042	25.703
6188	1	-14.24	5.98	6.20	17.0	1.84	489.85	17.175	39.453
6189	1	-14.24	5.98	6.15	17.0	1.84	485.62	17.025	38.640
6190	1	-14.24	5.98	6.22	17.0	1.84	491.73	17.238	37.328
6192	1	-17.25	4.97	9.20	14.1	3.93	260.06	60.367	72.540
6193	1	-17.25	4.97	8.97	14.1	3.93	253.65	58.879	77.436
6194	2	-17.25	4.97	13.3	14.1	3.93	384.16	45.314	52.373
6195	2	-17.25	4.97	13.8	14.1	3.93	397.62	46.914	56.710
6196	3	-17.25	4.97	2.18	14.1	3.93	53.640	39.857	97.947
6197	3	-17.25	4.97	2.22	14.1	3.37	102.84	40.622	90.745
6198	2	-17.25	4.97	8.84	14.1	3.37	492.89	30.408	52.418
6199	2	-17.25	4.97	8.81	14.1	3.37	491.10	30.299	56.334
6200	1	-17.25	4.97	8.40	14.1	3.37	452.45	55.218	94.271
6201	1	-17.25	4.97	8.45	14.1	3.37	455.16	55.557	92.767
6202	1	-17.25	4.97	4.59	14.1	2.81	478.66	30.544	89.947
6203	1	-17.25	4.97	4.58	14.1	2.81	479.12	30.555	88.340
6204	1	-17.25	4.97	4.56	14.1	2.81	477.11	30.432	53.357
6205	2	-17.25	4.97	4.41	14.1	2.81	473.53	15.217	47.981
6208	2	-17.25	4.97	4.46	14.1	2.81	476.87	15.340	14.558
6209	2	-17.25	4.97	4.43	14.1	2.81	475.09	15.266	59.752
6210	2	-17.25	4.97	4.40	14.1	2.81	472.48	15.181	25.359
6211	3	-17.25	4.97	2.18	14.1	2.81	188.00	39.988	63.121
6212	3	-17.25	4.97	2.14	14.1	2.81	184.47	39.235	143.34
6213	3	-17.25	4.97	2.21	14.1	2.24	345.84	40.559	83.337
6214	3	-17.25	4.97	2.22	14.1	2.24	347.30	40.744	70.607
6215	2	-17.25	4.97	2.36	14.1	2.24	470.10	8.083	9.697
6216	2	-17.25	4.97	2.36	14.1	2.24	470.25	8.085	38.638
6217	2	-17.25	4.97	2.36	14.1	2.24	470.90	8.096	11.673
6219	2	-17.25	4.97	2.35	14.1	2.24	468.78	8.061	40.938
6220	2	-17.25	4.97	2.36	14.1	2.24	469.44	8.071	35.378
6221	1	-17.25	4.97	2.56	14.1	2.24	499.78	17.045	20.502
6222	1	-17.25	4.97	2.42	14.1	2.24	474.21	16.150	50.996
6223	1	-17.25	4.97	2.57	14.1	2.24	502.46	17.131	58.359
6224	1	-17.25	4.97	2.58	14.1	2.24	504.30	17.193	55.942
6225	1	-17.25	4.97	2.56	14.1	2.24	501.66	17.103	22.072
6237	1	-17.25	4.97	8.44	14.1	3.93	128.11	55.613	79.033
6240	1	-17.25	4.97	8.42	14.1	3.93	127.98	55.537	143.51
6241	1	-17.25	4.97	8.39	14.1	3.93	127.48	55.319	111.41
6242	3	-17.25	4.97	2.20	14.1	3.93	32.324	40.350	78.125
6243	3	-17.25	4.97	2.20	14.1	3.93	32.354	40.405	63.841
6244	3	-17.25	4.97	2.21	14.1	3.93	32.345	40.385	50.206
6245	2	-17.25	4.97	17.6	14.1	3.93	313.89	59.869	81.777
6246	2	-17.25	4.97	17.4	14.1	3.93	310.32	59.218	38.409
6247	2	-17.25	4.97	16.9	14.1	3.93	301.91	57.560	66.241
6248	2	-17.25	4.97	16.4	14.1	3.37	503.31	55.778	52.838
6249	2	-17.25	4.97	16.3	14.1	3.37	502.01	55.624	67.785
6250	2	-17.25	4.97	16.2	14.1	3.37	498.68	55.264	77.010
6251	3	-17.25	4.97	2.20	14.1	3.37	53.530	40.330	93.168
6252	3	-17.25	4.97	2.19	14.1	3.37	53.183	40.085	78.262
6253	1	-17.25	4.97	9.15	14.1	3.37	236.74	60.335	119.80
6254	1	-17.25	4.97	9.15	14.1	3.37	236.76	60.319	113.06
6255	1	-17.25	4.97	8.84	14.1	3.37	228.70	58.266	122.31
6256	1	-17.25	4.97	9.23	14.1	2.81	433.51	60.770	93.892
6257	1	-17.25	4.97	8.98	14.1	2.81	421.60	59.088	205.67
6258	1	-17.25	4.97	8.86	14.1	2.81	415.45	58.233	42.408
6259	1	-17.25	4.97	8.93	14.1	2.81	419.00	58.728	138.58
6260	1	-17.25	4.97	9.06	14.1	2.81	425.63	59.633	46.966
6261	3	-17.25	4.97	2.21	14.1	2.81	94.727	40.525	140.06
6262	3	-17.25	4.97	2.20	14.1	2.81	94.184	40.292	110.70
6263	2	-17.25	4.97	8.72	14.1	2.81	502.12	30.025	44.643
6264	2	-17.25	4.97	8.83	14.1	2.81	507.90	30.375	40.588
6265	2	-17.25	4.97	8.83	14.1	2.81	507.24	30.345	40.215
6266	2	-17.25	4.97	8.70	14.1	2.81	499.97	29.907	79.471
6267	2	-17.25	4.97	7.61	14.1	2.81	437.92	26.178	54.334
6270	2	-17.25	4.97	4.70	14.1	2.24	514.29	16.199	47.171
6271	2	-17.25	4.97	4.69	14.1	2.24	513.00	16.158	73.825
6272	2	-17.25	4.97	4.67	14.1	2.24	511.90	16.121	70.314
6273	2	-17.25	4.97	4.72	14.1	2.24	516.71	16.279	32.149
6274	3	-17.25	4.97	2.21	14.1	2.24	172.57	40.455	44.078
6275	3	-17.25	4.97	2.19	14.1	2.24	171.11	40.117	72.113
6276	3	-17.25	4.97	2.12	14.1	2.24	166.09	38.926	56.323
6277	1	-17.25	4.97	5.35	14.1	2.24	480.30	35.540	117.67
6281	1	-17.25	4.97	5.23	14.1	2.24	471.15	34.846	109.28
6282	1	-17.25	4.97	5.23	14.1	2.24	471.03	34.842	91.986
6284	1	-17.25	4.97	5.30	14.1	2.24	476.46	35.262	137.83
6285	1	-15.75	5.98	9.58	18.5	3.22	62.310	58.660	41.483
6286	1	-15.75	5.98	11.5	18.5	3.22	74.363	70.146	194.43
6287	1	-15.75	5.98	11.5	18.5	3.22	74.499	70.240	119.13
6288	3	-15.75	5.98	2.16	18.5	3.22	16.128	40.519	149.01
6289	3	-15.75	5.98	2.14	18.5	3.22	16.025	40.222	152.14
6290	2	-15.75	5.98	20.5	18.5	3.22	176.13	69.257	125.33
6291	2	-15.75	5.98	20.1	18.5	3.22	172.76	67.940	61.920
6292	2	-15.75	5.98	20.6	18.5	2.76	336.25	69.410	110.67
6293	2	-15.75	5.98	20.6	18.5	2.76	337.14	69.612	73.640
6294	3	-15.75	5.98	2.16	18.5	2.76	29.758	40.599	54.383
6295	3	-15.75	5.98	2.16	18.5	2.76	29.725	40.552	114.41
6296	3	-15.75	5.98	2.16	18.5	2.76	29.658	40.483	106.84
6297	1	-15.75	5.98	9.34	18.5	2.76	116.42	57.216	146.16
6298	1	-15.75	5.98	9.56	18.5	2.76	118.98	58.503	60.872
6299	1	-15.75	5.98	9.72	18.5	2.76	120.83	59.415	131.18
6300	1	-15.75	5.98	9.96	18.5	2.30	248.85	60.823	118.96
6301	1	-15.75	5.98	11.5	18.5	2.30	284.59	70.133	192.79
6302	1	-15.75	5.98	11.5	18.5	2.30	284.73	70.164	188.34
6304	3	-15.75	5.98	2.15	18.5	2.30	56.164	40.266	109.84
6305	3	-15.75	5.98	2.16	18.5	2.30	56.510	40.523	152.20
6306	2	-15.75	5.98	14.8	18.5	2.30	486.13	50.447	38.986
6307	2	-15.75	5.98	14.7	18.5	2.30	484.57	50.283	153.87
6308	2	-15.75	5.98	14.8	18.5	2.30	487.46	50.583	110.09
6309	2	-15.75	5.98	20.8	18.5	3.22	369.17	70.181	93.746
6310	2	-15.75	5.98	21.4	18.5	3.22	377.90	71.868	33.260
6311	3	-15.75	5.98	2.18	18.5	3.22	38.996	40.841	38.108
6312	3	-15.75	5.98	2.16	18.5	3.22	38.715	40.557	62.197
6313	1	-15.75	5.98	11.5	18.5	3.22	187.03	70.066	80.599
6314	1	-15.75	5.98	11.5	18.5	3.22	187.47	70.250	76.719
6315	1	-15.75	5.98	11.5	18.5	2.76	386.98	69.983	81.975
6316	1	-15.75	5.98	11.6	18.5	2.76	393.06	71.093	80.982
6317	3	-15.75	5.98	2.16	18.5	2.76	76.907	40.628	74.863
6318	3	-15.75	5.98	2.16	18.5	2.76	76.533	40.443	88.326
6322	2	-15.75	5.98	13.3	18.5	2.76	498.06	45.704	66.761
6323	2	-15.75	5.98	13.2	18.5	2.76	495.51	45.466	48.923
6324	2	-15.75	5.98	5.84	18.5	2.30	455.51	20.332	21.041
6325	2	-15.75	5.98	5.82	18.5	2.30	454.33	20.279	54.102
6326	2	-15.75	5.98	5.83	18.5	2.30	455.09	20.313	43.074
6327	2	-15.75	5.98	5.81	18.5	2.30	453.23	20.232	34.934
6328	3	-15.75	5.98	2.14	18.5	2.30	148.21	40.199	58.458
6329	3	-15.75	5.98	2.16	18.5	2.30	149.33	40.534	97.897
6331	1	-15.75	5.98	7.03	18.5	2.30	496.83	43.413	157.97
6332	1	-15.75	5.98	7.03	18.5	2.30	497.10	43.431	83.427
6334	1	-15.75	5.98	3.39	18.5	1.84	480.63	21.248	57.644
6335	1	-15.75	5.98	3.40	18.5	1.84	481.64	21.295	63.939
6336	1	-15.75	5.98	3.40	18.5	1.84	481.75	21.299	68.313
6337	1	-15.75	5.98	3.41	18.5	1.84	483.07	21.358	56.830
6338	1	-15.75	5.98	3.41	18.5	1.84	482.71	21.342	64.240
6339	2	-15.75	5.98	3.21	18.5	1.84	487.90	11.191	3.796
6340	2	-15.75	5.98	3.17	18.5	1.84	483.14	11.079	32.867
6341	2	-15.75	5.98	3.20	18.5	1.84	487.14	11.174	45.349
6342	2	-15.75	5.98	3.21	18.5	1.84	487.44	11.182	51.851
6343	2	-15.75	5.98	3.21	18.5	1.84	488.70	11.211	42.871
6344	2	-15.75	5.98	3.22	18.5	1.84	489.43	11.230	13.131
6345	3	-15.75	5.98	2.15	18.5	1.84	278.07	40.411	139.27
6346	3	-15.75	5.98	2.14	18.5	1.84	276.67	40.211	31.948
6347	2	-15.75	5.98	3.22	18.5	1.84	488.86	11.217	15.371
6348	2	-15.75	5.98	6.99	18.5	1.84	473.93	24.314	60.940
6349	2	-15.75	5.98	6.96	18.5	1.84	472.11	24.216	76.094
6350	2	-15.75	5.98	6.97	18.5	1.84	473.26	24.271	72.858
6351	2	-15.75	5.98	6.97	18.5	1.84	473.21	24.263	43.933
6352	3	-15.75	5.98	2.15	18.5	1.84	107.89	40.396	67.815
6353	3	-15.75	5.98	2.12	18.5	1.84	106.43	39.833	67.924
6354	3	-15.75	5.98	2.15	18.5	1.84	107.62	40.309	149.68
6355	1	-15.75	5.98	9.40	18.5	1.84	469.51	57.458	136.96
6356	1	-15.75	5.98	9.91	18.5	1.84	493.09	60.500	205.38
6357	1	-15.75	5.98	9.88	18.5	1.84	491.88	60.347	162.88
6358	1	-15.75	5.98	9.84	18.5	1.84	489.89	60.105	92.916
6359	2	-15.30	6.35	20.3	20.5	2.96	137.46	69.313	141.31
6360	2	-15.30	6.35	20.5	20.5	2.96	138.64	69.938	102.73
6363	3	-15.30	6.35	2.11	20.5	2.96	12.828	40.628	28.414
6364	3	-15.30	6.35	2.07	20.5	2.96	12.601	39.902	74.608
6365	3	-15.30	6.35	2.11	20.5	2.96	12.829	40.635	71.724
6367	2	-15.30	6.35	20.1	20.5	2.54	268.50	68.784	84.920
6368	2	-15.30	6.35	20.6	20.5	2.54	274.39	70.308	83.765
6370	2	-15.30	6.35	20.1	20.5	2.54	268.50	68.775	70.410
6371	3	-15.30	6.35	2.10	20.5	2.54	24.271	40.528	85.460
6372	3	-15.30	6.35	2.08	20.5	2.54	24.020	40.095	98.998
6373	3	-15.30	6.35	2.08	20.5	2.11	46.598	39.995	124.21
6374	3	-15.30	6.35	2.07	20.5	2.11	46.473	39.875	53.077
6375	2	-15.30	6.35	17.2	20.5	2.11	468.32	59.269	95.951
6376	2	-15.30	6.35	17.4	20.5	2.11	472.87	59.860	148.58
6377	2	-15.30	6.35	17.4	20.5	2.11	472.49	59.820	64.842
6378	2	-15.30	6.35	7.64	20.5	1.69	445.62	27.084	85.176
6379	2	-15.30	6.35	7.65	20.5	1.69	445.98	27.106	86.193
6380	2	-15.30	6.35	7.69	20.5	1.69	447.83	27.220	94.317
6381	2	-15.30	6.35	7.68	20.5	1.69	448.16	27.239	18.374
6382	3	-15.30	6.35	2.06	20.5	1.69	90.611	39.857	74.503
6383	3	-15.30	6.35	2.05	20.5	1.69	90.123	39.648	108.64
6385	3	-15.30	6.35	2.10	20.5	2.96	34.710	40.447	79.374
6386	3	-15.30	6.35	2.09	20.5	2.96	35.050	40.408	29.745
6387	2	-15.30	6.35	20.4	20.5	2.96	319.29	69.621	128.92
6388	2	-15.30	6.35	20.3	20.5	2.96	316.37	68.976	105.55
6389	3	-15.30	6.35	2.07	20.5	2.96	34.818	39.810	63.811
6390	3	-15.30	6.35	2.07	20.5	2.54	70.287	39.989	59.328
6391	3	-15.30	6.35	2.06	20.5	2.54	69.746	39.674	40.257
6393	2	-15.30	6.35	15.0	20.5	2.54	502.34	51.830	18.874
6394	2	-15.30	6.35	15.0	20.5	2.54	503.95	51.990	56.760
6395	2	-15.30	6.35	15.0	20.5	2.54	505.73	52.180	71.774
6396	2	-15.30	6.35	15.2	20.5	2.54	511.79	52.818	20.871
6397	2	-15.30	6.35	20.0	20.5	2.96	312.44	68.101	43.316
6398	2	-15.30	6.35	19.6	20.5	2.96	306.66	66.836	70.432
6399	2	-15.30	6.35	6.75	20.5	2.11	482.72	23.971	15.387
6400	2	-15.30	6.35	7.16	20.5	2.11	511.49	25.429	7.332
6401	2	-15.30	6.35	6.96	20.5	2.11	496.70	24.687	3.739
6402	2	-15.30	6.35	7.01	20.5	2.11	499.72	24.842	54.699
6403	2	-15.30	6.35	7.03	20.5	2.11	501.87	24.943	63.880
6404	2	-15.30	6.35	7.02	20.5	2.11	501.94	24.949	49.130
6405	3	-15.30	6.35	2.09	20.5	2.11	138.91	40.227	60.876
6406	3	-15.30	6.35	2.09	20.5	2.11	138.66	40.156	54.543
6407	3	-15.30	6.35	2.12	20.5	1.69	264.98	40.815	54.806
6408	3	-15.30	6.35	2.09	20.5	1.69	261.92	40.332	74.596
6410	2	-15.30	6.35	3.40	20.5	1.69	480.38	12.119	8.195
6411	2	-15.30	6.35	3.39	20.5	1.69	477.63	12.043	39.582
6412	2	-15.30	6.35	3.38	20.5	1.69	479.63	12.095	29.652
6413	2	-15.30	6.35	3.65	20.5	1.69	515.18	13.038	31.703
6415	2	-15.30	6.35	3.65	20.5	1.69	515.46	13.042	42.428
6416	2	-15.30	6.35	3.65	20.5	1.69	516.42	13.067	32.509
6417	2	-15.30	6.35	3.67	20.5	1.69	518.54	13.123	24.938
6419	2	-17.21	5.27	15.6	15.6	3.72	424.74	65.254	103.41
6421	2	-17.21	5.27	16.6	15.6	3.72	452.51	69.637	80.067
6422	2	-17.21	5.27	16.0	15.6	3.72	434.80	66.899	55.855
6423	3	-17.21	5.27	1.70	15.6	3.72	42.338	38.847	25.403
6425	3	-17.21	5.27	1.72	15.6	3.72	42.883	39.353	54.747
6426	3	-17.21	5.27	1.73	15.6	3.72	43.151	39.618	31.420
6427	3	-17.21	5.27	1.77	15.6	3.19	86.109	40.675	54.001
6428	3	-17.21	5.27	1.72	15.6	3.19	83.317	39.318	60.584
6429	2	-17.21	5.27	9.46	15.6	3.19	522.29	40.274	44.470
6430	2	-17.21	5.27	9.41	15.6	3.19	519.06	40.016	66.945
6431	2	-17.21	5.27	9.40	15.6	3.19	518.50	39.970	34.655
6432	2	-17.21	5.27	7.06	15.6	3.19	396.22	30.257	62.739
6433	2	-17.21	5.27	4.69	15.6	3.19	267.37	20.190	59.628
6434	2	-17.21	5.27	4.68	15.6	2.66	518.96	20.114	62.960
6435	2	-17.21	5.27	4.23	15.6	2.66	471.17	18.178	61.557
6436	2	-17.21	5.27	4.24	15.6	2.66	472.49	18.227	37.280
6439	3	-17.21	5.27	1.75	15.6	2.66	162.23	40.022	46.072
6440	3	-17.21	5.27	1.77	15.6	2.66	164.65	40.631	54.442
6441	3	-17.21	5.27	1.77	15.6	2.12	305.86	40.633	49.349
6442	3	-17.21	5.27	1.77	15.6	2.12	305.83	40.625	66.552
6443	2	-17.21	5.27	2.22	15.6	2.12	477.40	9.524	29.069
6444	2	-17.21	5.27	2.23	15.6	2.12	480.41	9.589	32.324
6445	2	-17.21	5.27	2.22	15.6	2.12	479.05	9.560	30.542
6446	2	-17.21	5.27	2.23	15.6	2.12	480.31	9.587	27.733
6447	2	-17.21	5.27	2.23	15.6	2.12	478.96	9.559	28.031
6448	2	-17.21	5.27	2.23	15.6	2.12	479.78	9.574	31.553
6449	2	-17.21	5.27	12.4	15.6	3.72	196.26	52.392	45.553
6450	2	-17.21	5.27	15.2	15.6	3.72	238.68	63.758	74.740
6451	2	-17.21	5.27	14.0	15.6	3.72	221.25	59.005	65.131
6452	2	-17.21	5.27	14.0	15.6	3.72	221.86	59.158	76.587
6453	2	-17.21	5.27	14.2	15.6	3.72	224.33	59.811	78.869
6454	3	-17.21	5.27	1.77	15.6	3.72	23.503	40.701	151.88
6455	3	-17.21	5.27	1.75	15.6	3.72	23.265	40.289	35.347
6456	3	-17.21	5.27	1.76	15.6	3.19	40.565	40.464	105.82
6459	2	-17.21	5.27	14.9	15.6	3.19	420.99	62.604	113.58
6460	2	-17.21	5.27	15.0	15.6	3.19	423.70	63.014	10.082
6461	2	-17.21	5.27	13.0	15.6	3.19	370.46	54.819	120.58
6462	2	-17.21	5.27	11.4	15.6	3.19	327.45	48.370	108.70
6463	2	-17.21	5.27	8.21	15.6	3.19	238.39	35.089	13.030
6464	2	-17.21	5.27	8.35	15.6	3.19	242.54	35.690	93.646
6465	2	-17.21	5.27	8.81	15.6	2.66	485.70	37.590	115.32
6466	2	-17.21	5.27	8.75	15.6	2.66	482.76	37.352	97.803
6467	2	-17.21	5.27	8.86	15.6	2.66	488.49	37.794	73.015
6468	3	-17.21	5.27	1.76	15.6	2.66	74.008	40.391	63.406
6469	3	-17.21	5.27	1.76	15.6	2.66	74.265	40.539	17.644
6470	3	-17.21	5.27	1.78	15.6	2.66	74.756	40.822	72.894
6471	3	-17.21	5.27	1.77	15.6	2.12	139.09	40.551	61.156
6472	3	-17.21	5.27	1.77	15.6	2.12	139.53	40.682	79.677
6473	2	-17.21	5.27	4.47	15.6	2.12	489.92	19.258	36.224
6474	2	-17.21	5.27	4.45	15.6	2.12	487.31	19.148	7.241
6475	2	-17.21	5.27	4.45	15.6	2.12	487.59	19.166	48.187
6476	2	-17.21	5.27	4.49	15.6	2.12	491.41	19.321	48.062
6477	2	-17.21	5.27	4.45	15.6	2.12	487.28	19.155	47.992
6478	2	-17.21	5.27	4.48	15.6	2.12	490.43	19.280	48.269
6479	2	-17.21	5.27	4.48	15.6	2.12	489.93	19.257	43.928
6482	2	-13.96	6.35	36.6	9.04	7	775.72	57.546	25.986
6483	2	-13.96	6.35	25.5	9.04	7	540.12	40.752	27.820
6484	2	-13.96	6.35	18.7	9.04	7	391.59	29.797	12.077
6485	2	-13.96	6.35	12.6	9.04	7	265.06	20.296	10.832
6486	2	-13.96	6.35	37.5	19.0	2.96	184.89	59.063	102.91
6487	3	-13.96	6.35	4.71	19.0	2.96	19.525	40.468	56.180
6488	3	-13.96	6.35	4.71	19.0	2.54	35.417	40.447	49.179
6489	2	-13.96	6.35	38.7	19.0	2.54	358.32	60.971	86.264
6490	2	-13.96	6.35	26.5	19.0	2.11	478.43	42.271	72.321
6491	2	-13.96	6.35	26.9	19.0	2.11	484.31	42.798	17.589
6493	2	-13.96	6.35	26.5	19.0	2.11	477.42	42.167	72.636
6494	3	-13.96	6.35	4.72	19.0	2.11	65.577	40.499	62.118
6495	3	-13.96	6.35	4.68	19.0	1.69	119.93	40.168	69.701
6496	2	-13.96	6.35	12.5	19.0	1.69	446.99	20.241	22.964
6497	2	-13.96	6.35	12.5	19.0	1.69	445.28	20.163	58.913
6498	2	-13.96	6.35	12.6	19.0	1.69	448.44	20.308	47.279
6499	2	-13.96	6.35	12.5	19.0	1.69	445.27	20.155	36.212
6500	2	-13.96	6.35	34.1	19.0	2.96	372.35	53.662	32.432
6501	2	-13.96	6.35	39.3	19.0	2.96	425.39	61.631	40.601
6502	3	-13.96	6.35	4.70	19.0	2.96	50.248	40.274	69.936
6503	3	-13.96	6.35	4.64	19.0	2.54	94.279	39.757	44.642
6504	3	-13.96	6.35	4.75	19.0	2.54	96.684	40.796	21.494
6506	2	-13.96	6.35	21.8	19.0	2.54	479.01	34.802	22.004
6507	2	-13.96	6.35	22.0	19.0	2.54	485.40	35.273	89.870
6509	2	-13.96	6.35	11.2	19.0	2.11	485.26	18.103	43.061
6510	2	-13.96	6.35	11.3	19.0	2.11	486.40	18.142	28.724
6512	3	-13.96	6.35	4.53	19.0	2.11	170.72	38.766	43.249
6513	3	-13.96	6.35	4.53	19.0	1.69	301.51	38.499	42.025
6514	2	-13.96	6.35	6.16	19.0	1.69	488.55	9.893	15.866
6515	2	-13.96	6.35	6.24	19.0	1.69	495.22	10.034	30.378
6516	2	-13.96	6.35	6.29	19.0	1.69	497.80	10.090	11.702
6517	2	-13.96	6.35	6.26	19.0	1.69	496.15	10.052	30.556
6518	2	-19.05	4.73	9.40	14.1	4.10	411.22	58.877	24.947
6519	2	-19.05	4.73	10.4	14.1	4.10	456.51	65.524	121.20
6520	2	-19.05	4.73	10.0	14.1	4.10	437.26	62.722	51.320
6521	3	-19.05	4.73	1.18	14.1	4.10	44.239	39.825	101.77
6522	3	-19.05	4.73	1.19	14.1	4.10	27.873	40.037	85.673
6523	3	-19.05	4.73	1.18	14.1	4.10	27.713	39.812	107.81
6524	2	-19.05	4.73	10.4	14.1	4.10	294.74	65.346	145.03
6525	2	-19.05	4.73	10.1	14.1	4.10	286.06	63.428	118.54
6526	2	-19.05	4.73	10.3	14.1	4.10	291.00	64.513	101.20
6527	2	-19.05	4.73	9.62	14.1	3.51	469.13	60.317	77.684
6528	2	-19.05	4.73	9.58	14.1	3.51	467.60	60.128	184.74
6529	2	-19.05	4.73	9.64	14.1	3.51	469.83	60.413	128.74
6531	3	-19.05	4.73	1.21	14.1	3.51	46.830	40.512	127.16
6532	3	-19.05	4.73	1.20	14.1	3.51	46.693	40.378	57.688
6533	3	-19.05	4.73	1.20	14.1	3.51	86.703	40.251	66.315
6534	3	-19.05	4.73	1.20	14.1	3.51	86.689	40.249	45.667
6535	2	-19.05	4.73	5.55	14.1	3.51	484.80	35.359	110.41
6536	2	-19.05	4.73	5.54	14.1	3.51	483.98	35.295	99.828
6537	2	-15.38	5.27	26.2	14.2	3.72	481.38	45.460	61.179
6538	3	-15.38	5.27	4.33	14.2	3.72	67.843	40.415	35.892
6539	3	-15.38	5.27	4.34	14.2	3.19	123.58	40.452	35.237
6541	2	-15.38	5.27	14.4	14.2	3.19	497.79	25.266	55.140
6542	2	-15.38	5.27	7.52	14.2	2.66	478.29	13.115	30.206
6543	2	-15.38	5.27	7.46	14.2	2.66	475.02	13.022	43.548
6544	3	-15.38	5.27	4.01	14.2	2.66	205.04	37.436	45.271
6545	2	-15.38	5.27	37.8	14.2	3.72	408.18	65.439	108.47
6546	3	-15.38	5.27	4.18	14.2	3.72	36.839	39.086	50.669
6547	3	-15.38	5.27	4.18	14.2	3.19	61.001	39.098	53.210
6548	2	-15.38	5.27	25.5	14.2	3.19	477.75	44.378	45.212
6549	2	-15.38	5.27	25.2	14.2	3.19	471.67	43.810	61.934
6550	2	-15.38	5.27	13.8	14.2	2.66	475.28	24.218	62.466
6551	2	-15.38	5.27	14.0	14.2	2.66	481.91	24.574	56.455
6552	3	-15.38	5.27	4.26	14.2	2.66	107.44	39.802	66.676
7593	2	-17.65	5.71	6.31	19.9	3.15	88.710	49.555	81.447
7594	2	-17.65	5.71	6.47	19.9	3.15	90.829	50.747	184.02
7595	2	-17.65	5.71	6.34	19.9	3.15	89.095	49.767	100.63
7596	2	-17.65	5.71	6.31	19.9	3.15	88.736	49.593	53.861
7597	2	-17.65	5.71	6.04	19.9	3.15	84.870	47.423	127.10
7599	3	-17.65	5.71	0.92	19.9	3.15	11.592	40.671	5.993
7600	3	-17.65	5.71	0.92	19.9	3.15	11.564	40.588	17.492
7601	3	-17.65	5.71	0.91	19.9	3.15	11.471	40.245	34.221
7602	3	-17.65	5.71	0.91	19.9	3.15	11.451	40.173	101.84
7603	3	-17.65	5.71	0.89	19.9	3.15	11.160	39.142	112.57
7604	3	-17.65	5.71	0.92	19.9	3.15	11.595	40.696	49.700
7605	3	-17.65	5.71	0.92	19.9	2.69	21.795	40.432	134.63
7606	3	-17.65	5.71	0.91	19.9	2.69	21.739	40.327	117.03
7607	3	-17.65	5.71	0.92	19.9	2.69	21.897	40.618	47.099
7608	2	-17.65	5.71	6.49	19.9	2.69	180.38	50.918	178.11
7609	2	-17.65	5.71	6.51	19.9	2.69	180.86	51.049	179.99
7610	2	-17.65	5.71	6.38	19.9	2.69	175.42	50.042	111.04
7611	2	-17.65	5.71	6.43	19.9	2.24	365.09	50.401	157.75
7612	2	-17.65	5.71	6.37	19.9	2.24	362.01	49.961	127.87
7613	2	-17.65	5.71	6.48	19.9	2.24	367.59	50.748	168.33
7614	2	-17.65	5.71	6.45	19.9	2.24	366.29	50.562	165.42
7615	2	-17.65	5.71	6.50	19.9	2.24	368.81	50.913	172.87
7616	2	-17.65	5.71	6.45	19.9	2.24	366.60	50.616	55.604
7617	3	-17.65	5.71	0.92	19.9	2.24	43.203	40.782	138.28
7618	3	-17.65	5.71	0.93	19.9	2.24	43.221	40.808	150.49
7619	3	-17.65	5.71	0.93	19.9	2.24	43.427	41.012	105.88
7620	3	-17.65	5.71	0.92	19.9	1.79	85.055	40.419	55.837
7621	3	-17.65	5.71	0.92	19.9	1.79	85.028	40.408	38.931
7622	3	-17.65	5.71	0.92	19.9	1.79	85.643	40.705	140.23
7623	3	-17.65	5.71	0.93	19.9	1.79	86.082	40.932	140.85
7625	2	-17.65	5.71	4.09	19.9	1.79	494.49	32.646	106.70
7626	2	-17.65	5.71	4.09	19.9	1.79	495.08	32.683	115.80
7627	2	-17.65	5.71	4.10	19.9	1.79	495.46	32.704	87.104
7628	2	-17.65	5.71	4.11	19.9	1.79	496.99	32.806	102.55
7629	2	-17.65	5.71	4.08	19.9	1.79	493.36	32.559	96.645
7630	2	-17.65	5.71	4.11	19.9	1.79	496.33	32.759	108.35
7631	2	-17.65	5.71	4.11	19.9	1.79	496.44	32.763	112.59
7632	2	-17.65	5.71	4.11	19.9	1.79	496.51	32.767	114.64
7633	2	-17.65	5.71	4.12	19.9	1.79	497.79	32.847	105.81
7634	2	-17.65	5.71	4.12	19.9	1.79	498.05	32.865	119.93
7635	2	-17.65	5.71	3.18	19.9	3.15	100.94	25.490	79.311
7636	2	-17.65	5.71	3.17	19.9	3.15	100.65	25.422	88.157
7637	2	-17.65	5.71	3.16	19.9	3.15	100.33	25.338	29.256
7638	3	-17.65	5.71	0.92	19.9	3.15	29.630	40.523	100.70
7639	3	-17.65	5.71	0.92	19.9	3.15	29.496	40.331	34.747
7640	3	-17.65	5.71	0.91	19.9	2.69	60.759	40.341	52.142
7641	3	-17.65	5.71	0.91	19.9	2.69	60.138	39.903	102.28
7642	2	-17.65	5.71	2.74	19.9	2.69	189.75	22.014	78.487
7643	2	-17.65	5.71	2.74	19.9	2.69	189.51	21.984	68.494
7644	2	-17.65	5.71	2.73	19.9	2.69	189.00	21.922	79.823
7645	2	-17.65	5.71	2.70	19.9	2.69	187.07	21.696	34.961
7646	2	-17.65	5.71	2.47	19.9	2.24	360.78	19.877	63.150
7647	2	-17.65	5.71	2.47	19.9	2.24	360.28	19.851	65.794
7648	2	-17.65	5.71	2.49	19.9	2.24	362.60	19.985	70.269
7649	2	-17.65	5.71	2.47	19.9	2.24	360.92	19.892	64.937
7650	2	-17.65	5.71	2.49	19.9	2.24	362.34	19.973	68.653
7651	2	-17.65	5.71	2.85	19.9	2.24	412.39	22.861	76.174
7652	2	-17.65	5.71	2.98	19.9	2.24	430.37	23.905	78.588
7654	3	-17.65	5.71	0.91	19.9	2.24	122.12	40.093	128.18
7655	3	-17.65	5.71	0.90	19.9	2.24	120.92	39.697	112.24
7657	3	-17.65	5.71	0.90	19.9	1.79	235.40	39.851	124.27
7658	3	-17.65	5.71	0.90	19.9	1.79	234.75	39.747	125.92
7659	3	-17.65	5.71	0.88	19.9	1.79	228.82	38.706	28.806
7660	3	-17.65	5.71	0.92	19.9	1.79	240.27	40.701	59.055
7661	2	-17.65	5.71	1.69	19.9	1.79	496.14	13.597	47.813
7662	2	-17.65	5.71	1.68	19.9	1.79	494.45	13.550	46.796
7663	2	-17.65	5.71	1.69	19.9	1.79	495.85	13.589	49.425
7666	2	-17.65	5.71	1.68	19.9	1.79	492.24	13.486	19.096
7667	2	-17.65	5.71	1.68	19.9	1.79	492.51	13.496	26.966
7668	2	-17.65	5.71	1.63	19.9	1.79	478.34	13.087	45.017
7669	2	-17.65	5.71	1.63	19.9	1.79	480.18	13.141	45.867
7670	2	-17.65	5.71	1.63	19.9	1.79	480.39	13.146	42.694
7671	2	-20.24	4.35	6.82	13.8	3.51	426.77	49.744	151.13
7672	2	-20.24	4.35	6.97	13.8	3.51	435.88	50.826	177.39
7673	3	-20.24	4.35	1.04	13.8	3.51	50.668	39.939	128.89
7674	3	-20.24	4.35	1.04	13.8	3.51	50.958	40.168	59.845
7675	3	-20.24	4.35	1.04	13.8	2.92	88.745	40.190	109.67
7676	3	-20.24	4.35	1.05	13.8	2.92	88.933	40.280	131.38
7677	3	-20.24	4.35	1.05	13.8	2.92	89.559	40.580	57.150
7678	1	-20.24	4.35	1.41	13.8	2.92	145.33	18.875	2.822
7679	2	-20.24	4.35	4.43	13.8	2.92	513.00	32.574	109.67
7680	2	-20.24	4.35	4.32	13.8	2.92	500.05	31.710	100.63
7681	2	-20.24	4.35	4.24	13.8	2.92	491.53	31.160	104.28
7682	2	-20.24	4.35	4.26	13.8	2.92	494.13	31.317	104.52
7684	2	-20.24	4.35	2.34	13.8	2.34	518.83	17.152	56.305
7685	2	-20.24	4.35	2.30	13.8	2.34	511.59	16.902	55.574
7686	2	-20.24	4.35	2.30	13.8	2.34	511.45	16.898	55.264
7687	2	-20.24	4.35	2.30	13.8	2.34	512.03	16.914	58.461
7688	2	-20.24	4.35	2.31	13.8	2.34	511.94	16.911	47.141
7689	2	-20.24	4.35	2.34	13.8	2.34	518.66	17.136	67.739
7690	2	-20.24	4.35	2.32	13.8	2.34	515.44	17.019	24.540
7692	2	-20.24	4.35	2.31	13.8	2.34	512.30	16.923	29.510
7694	3	-20.24	4.35	1.05	13.8	2.34	163.59	40.380	187.79
7695	3	-20.24	4.35	1.05	13.8	2.34	163.48	40.342	128.19
7697	3	-20.24	4.35	1.06	13.8	3.51	92.557	40.635	64.109
7698	3	-20.24	4.35	1.05	13.8	3.51	92.302	40.537	75.385
7699	2	-20.24	4.35	4.17	13.8	3.51	453.89	30.620	106.40
7702	2	-20.24	4.35	4.18	13.8	3.51	455.11	30.709	103.08
7703	2	-20.24	4.35	4.17	13.8	3.51	453.59	30.606	15.229
7706	2	-20.24	4.35	2.36	13.8	2.92	497.60	17.325	60.889
7707	2	-20.24	4.35	2.34	13.8	2.92	493.72	17.186	52.903
7708	2	-20.24	4.35	2.36	13.8	2.92	497.55	17.324	56.327
7709	2	-20.24	4.35	2.35	13.8	2.92	495.60	17.252	58.819
7710	2	-20.24	4.35	2.35	13.8	2.92	495.95	17.265	29.834
7711	3	-20.24	4.35	1.03	13.8	2.92	169.99	39.517	113.60
7712	3	-20.24	4.35	1.04	13.8	2.92	172.00	39.981	57.729
7713	3	-20.24	4.35	1.04	13.8	2.34	317.36	39.939	38.034
7714	3	-20.24	4.35	1.03	13.8	2.34	314.72	39.575	39.187
7715	3	-20.24	4.35	1.04	13.8	2.34	318.71	40.094	100.68
7716	2	-20.24	4.35	1.22	13.8	2.34	485.57	8.861	31.345
7717	2	-20.24	4.35	1.22	13.8	2.34	484.14	8.833	33.243
7718	2	-20.24	4.35	1.21	13.8	2.34	483.53	8.822	36.879
7719	2	-20.24	4.35	1.21	13.8	2.34	483.59	8.825	30.099
7720	2	-20.24	4.35	1.22	13.8	2.34	486.21	8.874	31.098
7721	2	-20.24	4.35	1.23	13.8	2.34	492.25	8.990	34.566
7722	2	-20.24	4.35	1.25	13.8	2.34	495.64	9.056	30.131
7723	1	-18.51	5.27	3.38	17.7	4.45	20.843	50.829	106.63
7724	2	-18.51	5.27	6.16	17.7	4.45	45.211	50.331	102.54
7725	3	-18.51	5.27	0.90	17.7	4.45	6.032	40.600	52.226
7727	3	-18.51	5.27	0.91	17.7	3.21	20.502	40.982	143.87
7728	3	-18.51	5.27	0.89	17.7	3.21	20.022	39.996	96.550
7729	1	-18.51	5.27	3.29	17.7	3.21	67.653	49.512	34.063
7730	1	-18.51	5.27	3.36	17.7	3.21	68.988	50.474	157.35
7733	1	-18.51	5.27	3.26	17.7	3.21	66.995	49.028	119.20
7735	2	-18.51	5.27	6.07	17.7	3.21	161.62	49.595	154.33
7736	2	-18.51	5.27	6.16	17.7	3.21	163.95	50.312	177.29
7737	2	-18.51	5.27	6.07	17.7	2.71	315.39	49.575	144.23
7738	2	-18.51	5.27	6.14	17.7	2.71	318.97	50.154	154.34
7739	2	-18.51	5.27	5.97	17.7	2.71	310.69	48.825	16.670
7740	2	-18.51	5.27	6.09	17.7	2.71	316.52	49.750	180.18
7741	1	-18.51	5.27	3.29	17.7	2.71	132.33	49.487	160.67
7742	1	-18.51	5.27	2.93	17.7	2.71	117.67	43.963	23.690
7743	1	-18.51	5.27	3.36	17.7	2.71	135.05	50.495	138.18
7747	3	-18.51	5.27	0.87	17.7	2.71	36.737	39.217	64.794
7748	3	-18.51	5.27	0.88	17.7	2.71	37.288	39.836	152.55
7749	3	-18.51	5.27	0.89	17.7	2.71	37.423	39.987	47.140
7750	3	-18.51	5.27	0.88	17.7	2.22	71.294	39.408	42.106
7751	3	-18.51	5.27	0.88	17.7	2.22	72.070	39.848	137.97
7752	3	-18.51	5.27	0.89	17.7	2.22	72.294	39.979	159.27
7753	1	-18.51	5.27	3.34	17.7	2.22	274.95	50.077	46.940
7754	1	-18.51	5.27	3.35	17.7	2.22	275.82	50.236	175.63
7755	1	-18.51	5.27	3.29	17.7	2.22	271.09	49.371	88.365
7757	2	-18.51	5.27	4.53	17.7	2.22	481.26	37.400	141.52
7758	2	-18.51	5.27	4.52	17.7	2.22	480.29	37.322	177.28
7759	2	-18.51	5.27	4.53	17.7	2.22	480.52	37.333	137.66
7760	2	-18.51	5.27	6.12	17.7	4.45	56.625	49.932	110.09
7762	3	-18.51	5.27	0.89	17.7	4.45	8.335	39.828	49.895
7763	1	-18.51	5.27	3.33	17.7	4.45	27.607	49.858	98.637
7765	1	-18.51	5.27	1.32	17.7	3.21	69.168	20.183	63.913
7766	1	-18.51	5.27	1.30	17.7	3.21	67.916	19.808	56.789
7768	2	-18.51	5.27	2.12	17.7	3.21	120.00	17.667	63.994
7769	2	-18.51	5.27	2.09	17.7	3.21	117.84	17.344	42.591
7770	2	-18.51	5.27	2.11	17.7	3.21	119.24	17.552	29.902
7771	2	-18.51	5.27	2.10	17.7	3.21	118.71	17.469	33.150
7772	3	-18.51	5.27	0.85	17.7	3.21	44.277	38.395	123.22
7773	3	-18.51	5.27	0.87	17.7	2.71	90.701	38.973	114.51
7774	3	-18.51	5.27	0.84	17.7	2.71	87.677	37.631	66.640
7775	2	-18.51	5.27	2.76	17.7	2.71	324.00	22.943	81.570
7776	2	-18.51	5.27	2.75	17.7	2.71	322.62	22.845	73.174
7777	2	-18.51	5.27	2.76	17.7	2.71	323.91	22.935	84.356
7778	1	-18.51	5.27	1.30	17.7	2.71	144.21	19.753	65.680
7779	1	-18.51	5.27	1.31	17.7	2.71	145.43	19.923	63.951
7781	1	-18.51	5.27	1.25	17.7	2.22	285.13	18.956	57.867
7782	1	-18.51	5.27	1.24	17.7	2.22	284.98	18.948	75.396
7783	2	-18.51	5.27	2.04	17.7	2.22	486.72	16.939	54.887
7784	2	-18.51	5.27	2.04	17.7	2.22	487.65	16.973	57.790
7785	2	-18.51	5.27	2.04	17.7	2.22	488.55	17.009	60.105
7786	2	-18.51	5.27	2.04	17.7	2.22	488.62	17.020	56.067
7787	2	-18.51	5.27	2.05	17.7	2.22	490.12	17.077	37.137
7790	3	-18.51	5.27	0.88	17.7	2.22	181.11	39.632	87.122
7791	3	-18.51	5.27	0.84	17.7	2.22	173.46	37.910	15.826
7792	3	-18.51	5.27	0.87	17.7	2.22	179.81	39.344	66.109
7793	3	-19.10	4.89	0.98	15.9	3.46	26.857	40.324	102.74
7794	3	-19.10	4.89	0.98	15.9	3.46	26.879	40.350	100.89
7796	2	-19.10	4.89	6.54	15.9	3.46	218.39	49.827	152.68
7797	2	-19.10	4.89	6.52	15.9	3.46	217.52	49.624	143.61
7798	2	-19.10	4.89	6.60	15.9	2.92	411.42	50.260	152.67
7799	2	-19.10	4.89	6.58	15.9	2.92	410.33	50.119	147.99
7800	2	-19.10	4.89	3.26	15.9	2.92	209.59	25.192	81.013
7801	3	-19.10	4.89	0.97	15.9	2.92	47.740	40.022	118.30
7802	3	-19.10	4.89	0.97	15.9	2.92	47.566	39.883	89.836
7803	3	-19.10	4.89	0.98	15.9	2.39	90.391	40.418	84.116
7804	3	-19.10	4.89	0.95	15.9	2.39	87.289	38.994	85.010
7805	2	-19.10	4.89	3.92	15.9	2.39	489.44	30.235	99.786
7806	2	-19.10	4.89	3.94	15.9	2.39	490.95	30.331	118.83
7807	2	-19.10	4.89	3.90	15.9	2.39	486.05	30.027	60.583
7808	2	-19.10	4.89	3.52	15.9	3.46	222.62	27.147	88.758
7809	2	-19.10	4.89	3.52	15.9	3.46	222.49	27.134	77.900
7811	3	-19.10	4.89	0.98	15.9	3.46	54.064	40.425	105.44
7812	3	-19.10	4.89	0.98	15.9	2.92	106.14	40.347	117.57
7813	2	-19.10	4.89	3.23	15.9	2.92	411.13	24.905	72.819
7814	2	-19.10	4.89	3.26	15.9	2.92	414.86	25.132	96.074
7815	2	-19.10	4.89	1.91	15.9	2.39	485.59	14.709	50.743
7816	2	-19.10	4.89	1.90	15.9	2.39	483.43	14.643	54.528
7817	2	-19.10	4.89	1.90	15.9	2.39	484.80	14.686	62.326
7820	3	-19.10	4.89	0.99	15.9	2.39	206.16	40.714	110.19
#Run Target	hms_angle hms_p hms_rate shms_angle shms_p shms_rate bcm1_cut_curr bcm1_cut_charge
