#2019 Dec 3
6009   0.56   3.129
6010   1.06   3.629
6011   0.21   0.940
6012   1.62   3.128
6013   0.71   4.205
6014   0.15   1.042
6015   0.13   1.136
6016   0.62   4.985
6017   0.46   6.417
6018   17.8   452.42
6019   17.8   451.24
6020   17.8   451.77
6021   17.8   453.23
6022   4.32   88.781
6023   12.4   348.57
6024   14.7   415.42
6025   13.6   383.77
6026   4.18   85.769
6027   4.23   151.88
6028   4.26   152.65
6029   10.3   463.20
6030   9.10   410.06
6031   9.40   423.54
6032   9.55   429.92
6033   10.0   478.32
6034   9.01   431.34
6035   9.60   458.63
6036   9.91   473.17
6038   5.07   423.11
6039   5.09   425.12
6040   5.11   426.34
6041   5.12   427.21
6042   5.10   425.71
6043   5.99   471.35
6044   6.02   472.78
6045   6.02   472.28
6046   4.34   269.32
6049   3.64   484.21
6050   3.63   483.31
6051   3.63   484.28
6052   3.63   483.46
6053   3.64   483.74
6054   4.23   559.16
6055   4.24   560.84
6056   4.34   462.46
6057   4.36   463.81
6058   4.38   467.06
6059   3.42   482.03
6060   3.43   482.56
6061   3.84   537.89
6062   3.83   536.89
6063   3.84   538.37
6064   3.84   537.86
6065   15.1   277.53
6066   16.2   301.15
6067   4.34   65.757
6068   27.0   486.15
6070   27.1   487.86
6071   27.2   490.12
6073   16.6   478.45
6080   4.35   99.655
6081   16.5   477.75
6082   15.6   439.53
6083   15.8   442.80
6084   10.5   480.28
6085   10.5   479.74
6086   10.5   480.20
6087   4.23   157.46
6088   9.67   475.50
6089   9.78   480.45
6090   9.73   478.61
6091   5.73   484.66
6093   5.62   477.00
6094   5.50   467.36
6095   5.65   478.68
6096   5.68   482.93
6097   4.04   261.60
6098   4.23   273.46
6099   5.63   434.38
6101   5.26   409.40
6102   5.71   442.10
6103   5.69   439.36
6104   11.8   57.954
6105   10.4   50.891
6106   9.36   45.692
6109   3.67   18.620
6110   3.78   19.065
6111   19.3   120.30
6112   20.2   125.52
6114   19.3   119.78
6115   21.0   237.99
6116   20.6   234.00
6117   13.8   123.62
6118   15.6   140.17
6119   5.03   44.648
6120   4.98   44.233
6121   14.9   132.86
6122   24.5   347.07
6123   24.3   365.16
6124   22.5   472.97
6125   22.9   481.34
6126   19.8   311.84
6127   5.03   80.496
6128   4.95   79.212
6129   4.64   134.12
6130   4.99   144.11
6132   4.05   117.37
6133   1.36   39.925
6135   2.00   58.189
6136   11.9   477.39
6137   11.8   470.89
6138   11.9   473.72
6139   14.5   447.82
6140   15.2   468.00
6141   15.4   473.54
6142   17.7   205.14
6144   17.7   206.31
6145   34.3   418.54
6146   30.9   378.57
6154   14.9   191.54
6155   2.50   28.482
6163   28.9   321.70
6164   30.8   340.54
6166   20.0   232.14
6168   4.80   54.570
6169   5.06   57.706
6170   16.6   404.62
6171   16.7   405.67
6172   4.97   105.44
6174   20.2   450.78
6175   19.8   440.71
6177   10.8   467.99
6178   10.7   465.37
6179   10.0   462.54
6180   10.0   461.09
6181   5.04   194.32
6182   5.01   193.14
6183   4.99   309.63
6184   5.02   342.24
6185   6.04   505.16
6186   5.96   498.45
6187   6.00   500.29
6188   6.20   489.53
6189   6.15   485.62
6190   6.22   491.73
6192   9.20   260.06
6193   8.97   253.65
6194   13.3   384.16
6195   13.7   397.00
6196   2.18   53.640
6197   2.22   102.84
6198   8.83   492.40
6199   8.81   491.10
6200   8.40   452.45
6201   8.45   455.16
6202   4.59   478.66
6203   4.58   479.12
6204   4.56   477.11
6205   4.41   473.12
6208   4.46   476.87
6209   4.43   474.92
6210   4.39   471.65
6211   2.18   188.00
6212   2.14   184.38
6213   2.21   345.84
6214   2.22   347.30
6215   2.36   470.10
6216   2.36   470.17
6217   2.36   470.64
6219   2.35   468.65
6220   2.36   469.18
6221   2.55   498.60
6222   2.41   473.16
6223   2.57   502.46
6224   2.58   504.08
6225   2.56   501.66
6237   8.44   128.11
6240   8.42   127.98
6241   8.39   127.48
6242   2.20   32.324
6243   2.20   32.354
6244   2.21   32.345
6245   17.6   313.89
6246   17.4   310.32
6247   16.8   300.94
6248   16.4   503.31
6249   16.3   502.01
6250   16.2   498.68
6251   2.20   53.530
6252   2.19   53.183
6253   9.15   236.74
6254   9.15   236.76
6255   8.84   228.70
6256   9.23   433.51
6257   8.96   420.93
6258   8.86   415.45
6259   8.91   418.02
6260   9.06   425.63
6261   2.21   94.630
6262   2.20   94.184
6263   8.73   502.12
6264   8.83   507.90
6265   8.83   507.24
6266   8.70   499.97
6267   7.61   437.92
6270   4.70   514.05
6271   4.69   512.84
6272   4.67   511.73
6273   4.72   516.35
6274   2.20   172.00
6275   2.18   170.76
6276   2.12   166.09
6277   5.34   479.80
6281   5.23   471.15
6282   5.21   469.18
6284   5.30   476.24
6285   9.58   62.310
6286   11.5   74.363
6287   11.5   74.499
6288   2.16   16.128
6289   2.14   16.025
6290   20.5   176.13
6291   20.1   172.76
6292   20.6   336.25
6293   20.6   337.14
6294   2.16   29.758
6295   2.16   29.725
6296   2.16   29.658
6297   9.34   116.42
6298   9.56   118.98
6299   9.72   120.83
6300   9.96   248.85
6301   11.5   284.59
6302   11.5   284.73
6304   2.15   56.164
6305   2.16   56.510
6306   14.8   486.13
6307   14.7   484.27
6308   14.8   487.05
6309   20.8   369.17
6310   21.4   377.90
6311   2.18   38.996
6312   2.16   38.715
6313   11.5   187.03
6314   11.5   187.47
6315   11.5   386.98
6316   11.6   393.06
6317   2.16   76.907
6318   2.16   76.533
6322   13.3   498.06
6323   13.2   495.51
6324   5.84   455.51
6325   5.82   454.33
6326   5.83   455.09
6327   5.80   452.84
6328   2.14   148.21
6329   2.16   149.33
6331   7.03   496.83
6332   7.03   497.10
6334   3.39   480.63
6335   3.40   481.64
6336   3.40   481.75
6337   3.41   482.79
6338   3.41   482.71
6339   3.20   486.28
6340   3.17   483.14
6341   3.20   486.99
6342   3.20   487.32
6343   3.21   488.09
6344   3.22   489.43
6345   2.15   278.07
6346   2.14   276.67
6347   3.22   488.86
6348   6.99   473.93
6349   6.96   472.11
6350   6.97   473.26
6351   6.97   473.21
6352   2.15   107.89
6353   2.12   106.21
6354   2.15   107.62
6355   9.40   469.51
6356   9.91   493.09
6357   9.88   491.88
6358   9.84   489.89
6359   20.3   137.46
6360   20.5   138.64
6363   2.11   12.828
6364   2.07   12.601
6365   2.11   12.829
6367   20.1   268.50
6368   20.6   274.39
6370   20.1   268.00
6371   2.10   24.271
6372   2.08   24.020
6373   2.08   46.598
6374   2.07   46.473
6375   17.2   467.25
6376   17.4   472.16
6377   17.4   472.49
6378   7.64   445.62
6379   7.64   445.29
6380   7.69   447.83
6381   7.68   448.16
6382   2.06   90.611
6383   2.05   90.123
6385   2.10   34.710
6386   2.09   35.050
6387   20.4   319.29
6388   20.3   316.37
6389   2.07   34.818
6390   2.07   70.287
6391   2.06   69.746
6393   15.0   502.34
6394   15.0   503.95
6395   15.1   505.73
6396   15.2   511.79
6397   19.8   310.62
6398   19.5   305.49
6399   6.75   482.72
6400   7.16   511.49
6401   6.96   496.70
6402   7.00   498.99
6403   7.02   500.90
6404   7.01   501.52
6405   2.09   138.91
6406   2.09   138.66
6407   2.12   264.98
6408   2.09   261.92
6410   3.40   480.38
6411   3.38   477.27
6412   3.38   479.63
6413   3.65   514.36
6415   3.65   515.46
6416   3.66   516.42
6417   3.67   518.19
6419   15.5   423.73
6421   16.6   452.51
6422   15.9   433.79
6423   1.70   42.338
6425   1.72   42.883
6426   1.73   43.151
6427   1.77   86.109
6428   1.71   83.221
6429   9.46   522.29
6430   9.41   519.06
6431   9.40   518.50
6432   7.06   396.22
6433   4.69   267.09
6434   4.68   518.96
6435   4.22   470.96
6436   4.23   472.15
6439   1.75   162.23
6440   1.77   164.65
6441   1.77   305.86
6442   1.77   305.83
6443   2.22   477.10
6444   2.23   480.41
6445   2.22   478.90
6446   2.23   479.99
6447   2.22   478.47
6448   2.23   479.62
6449   12.3   195.02
6450   15.2   238.68
6451   14.0   221.25
6452   14.0   221.86
6453   14.2   224.33
6454   1.77   23.503
6455   1.75   23.265
6456   1.76   40.565
6459   14.8   419.67
6460   15.0   423.70
6461   13.0   370.46
6462   11.4   327.45
6463   8.21   238.39
6464   8.35   242.54
6465   8.81   485.70
6466   8.75   482.76
6467   8.85   488.04
6468   1.76   74.008
6469   1.76   74.265
6470   1.78   74.756
6471   1.77   139.09
6472   1.77   139.53
6473   4.47   489.53
6474   4.43   485.26
6475   4.45   487.59
6476   4.49   491.41
6477   4.45   487.28
6478   4.48   490.43
6479   4.48   489.61
6482   36.6   775.72
6483   25.5   540.12
6484   18.7   391.59
6485   12.6   265.06
6486   37.5   184.89
6487   4.71   19.525
6488   4.71   35.417
6489   38.7   358.32
6490   26.5   478.43
6491   26.9   484.31
6493   26.4   476.93
6494   4.72   65.577
6495   4.68   119.93
6496   12.5   446.99
6497   12.5   445.28
6498   12.6   448.44
6499   12.5   445.27
6500   34.1   372.35
6501   39.3   425.39
6502   4.70   50.248
6503   4.63   94.130
6504   4.75   96.684
6506   21.8   479.01
6507   22.0   484.72
6509   11.2   484.97
6510   11.3   486.40
6512   4.52   170.44
6513   4.53   301.51
6514   6.14   487.62
6515   6.24   495.06
6516   6.28   497.37
6517   6.26   495.98
6518   9.40   411.22
6519   10.4   456.51
6520   10.0   437.26
6521   1.18   44.239
6522   1.19   27.873
6523   1.18   27.713
6524   10.4   294.74
6525   10.1   286.06
6526   10.3   291.00
6527   9.62   469.13
6528   9.57   467.04
6529   9.64   469.83
6531   1.21   46.830
6532   1.20   46.693
6533   1.20   86.703
6534   1.20   86.689
6535   5.55   484.80
6536   5.54   483.69
6537   26.2   481.38
6538   4.33   67.843
6539   4.34   123.58
6541   14.4   497.42
6542   7.50   477.77
6543   7.45   474.49
6544   4.01   205.04
6545   37.8   408.18
6546   4.18   36.839
6547   4.18   61.001
6548   25.5   477.75
6549   25.2   471.67
6550   13.8   475.28
6551   14.0   481.91
6552   4.26   107.44
7593   6.31   88.710
7594   6.47   90.829
7595   6.34   89.095
7596   6.31   88.736
7597   6.04   84.870
7599   0.92   11.592
7600   0.92   11.564
7601   0.91   11.471
7602   0.91   11.451
7603   0.89   11.160
7604   0.92   11.595
7605   0.92   21.795
7606   0.91   21.739
7607   0.92   21.897
7608   6.49   180.38
7609   6.51   180.86
7610   6.38   175.42
7611   6.43   365.09
7612   6.37   362.01
7613   6.47   367.39
7614   6.45   366.29
7615   6.50   368.81
7616   6.46   366.60
7617   0.92   43.203
7618   0.93   43.221
7619   0.93   43.427
7620   0.92   85.055
7621   0.92   85.028
7622   0.92   85.599
7623   0.93   86.082
7625   4.09   494.23
7626   4.09   495.08
7627   4.10   495.46
7628   4.11   496.99
7629   4.08   493.36
7630   4.10   496.07
7631   4.11   496.44
7632   4.11   496.51
7633   4.12   497.79
7634   4.12   498.05
7635   3.18   100.94
7636   3.17   100.65
7637   3.16   100.33
7638   0.92   29.630
7639   0.92   29.496
7640   0.91   60.759
7641   0.91   60.138
7642   2.74   189.75
7643   2.74   189.51
7644   2.73   189.00
7645   2.70   187.07
7646   2.47   360.44
7647   2.47   360.28
7648   2.49   362.60
7649   2.47   360.58
7650   2.49   362.34
7651   2.85   412.39
7652   2.98   429.79
7654   0.91   122.12
7655   0.90   120.84
7657   0.90   235.27
7658   0.90   234.61
7659   0.88   228.82
7660   0.92   240.27
7661   1.69   496.14
7662   1.68   494.14
7663   1.69   495.85
7666   1.68   492.24
7667   1.68   492.51
7668   1.63   478.34
7669   1.63   480.18
7670   1.63   480.00
7671   6.82   426.50
7672   6.97   435.88
7673   1.04   50.640
7674   1.04   50.958
7675   1.04   88.745
7676   1.05   88.884
7677   1.05   89.559
7678   1.41   145.33
7679   4.43   513.00
7680   4.32   500.05
7681   4.24   491.28
7682   4.26   493.87
7684   2.34   518.83
7685   2.30   511.36
7686   2.30   511.45
7687   2.30   512.03
7688   2.31   511.94
7689   2.34   518.66
7690   2.32   515.44
7692   2.31   512.30
7694   1.05   163.40
7695   1.05   163.48
7697   1.06   92.557
7698   1.05   92.302
7699   4.16   453.66
7702   4.18   455.11
7703   4.17   453.59
7706   2.36   497.60
7707   2.34   493.72
7708   2.36   497.33
7709   2.35   495.60
7710   2.35   495.95
7711   1.03   169.78
7712   1.04   172.00
7713   1.04   317.36
7714   1.03   314.72
7715   1.04   318.49
7716   1.22   485.30
7717   1.22   484.14
7718   1.21   483.22
7719   1.21   483.33
7720   1.22   485.68
7721   1.23   492.01
7722   1.24   495.23
7723   3.38   20.843
7724   6.16   45.211
7725   0.90   6.032
7727   0.91   20.491
7728   0.89   20.022
7729   3.29   67.653
7730   3.36   68.988
7733   3.26   66.995
7735   6.06   161.43
7736   6.16   163.95
7737   6.06   315.19
7738   6.13   318.40
7739   5.97   310.69
7740   6.08   316.19
7741   3.29   132.18
7742   2.93   117.67
7743   3.36   135.05
7747   0.87   36.737
7748   0.88   37.288
7749   0.89   37.365
7750   0.88   71.294
7751   0.88   71.994
7752   0.89   72.294
7753   3.34   274.95
7754   3.35   275.82
7755   3.28   270.54
7757   4.53   481.26
7758   4.52   480.29
7759   4.52   480.29
7760   6.12   56.625
7762   0.89   8.335
7763   3.33   27.582
7765   1.32   69.168
7766   1.30   67.916
7768   2.12   120.00
7769   2.08   117.70
7770   2.11   119.24
7771   2.10   118.63
7772   0.85   44.253
7773   0.87   90.701
7774   0.84   87.677
7775   2.76   323.71
7776   2.75   322.62
7777   2.76   323.91
7778   1.30   144.08
7779   1.31   145.43
7781   1.25   285.13
7782   1.24   284.98
7783   2.04   486.72
7784   2.04   487.65
7785   2.04   488.36
7786   2.04   488.40
7787   2.05   489.48
7790   0.88   180.96
7791   0.84   173.46
7792   0.87   179.81
7793   0.98   26.857
7794   0.98   26.879
7796   6.54   218.26
7797   6.52   217.52
7798   6.60   411.42
7799   6.58   410.08
7800   3.26   209.59
7801   0.97   47.740
7802   0.97   47.528
7803   0.98   90.391
7804   0.95   87.289
7805   3.92   489.44
7806   3.94   490.95
7807   3.89   485.64
7808   3.52   222.40
7809   3.52   222.49
7811   0.98   54.064
7812   0.98   106.14
7813   3.22   410.89
7814   3.26   414.86
7815   1.90   485.02
7816   1.90   483.24
7817   1.90   484.80
7820   0.99   206.16
7822   0.36   4.525
7823   0.45   5.523
7824   0.10   1.188
7826   0.61   4.723
7827   0.62   4.836
7828   0.13   1.050
7829   0.20   0.988
7830   0.94   4.141
