Run    HMSP     SHMP
5342   5.2700   5.2700
5343   5.2700   5.2700
5344   5.2700   5.2700
5345   5.2700   5.2700
5346   5.2700   5.2700
5347   5.2700   5.2700
5348   5.2700   5.2700
5349   5.2700   5.2700
5350   5.2700   5.2700
5351   5.2700   5.2700
5352   5.2700   5.2700
5353   5.2700   5.2700
5354   5.2700   5.2700
5355   5.2700   5.2700
5356   5.2700   5.2700
5357   5.2700   5.2700
5358   5.2700   5.2700
5359   5.2700   5.2700
5360   5.2700   5.2700
5361   5.2700   5.2700
5362   5.2700   5.2700
5363   5.2700   5.2700
5364   5.2700   5.2700
5365   5.2700   5.2700
5366   5.2700   5.2700
6009   6.2690   6.2690
6012   6.2690   6.2690
6018   4.5080   4.2620
6019   4.5080   4.2620
6020   4.5080   4.2620
6021   4.5080   4.2620
6022   4.5080   4.2620
6023   4.5080   4.2620
6024   4.5080   4.2620
6025   4.5080   4.2620
6026   4.5080   4.2620
6027   4.5080   3.6530
6028   4.5080   3.6530
6029   4.5080   3.6530
6030   4.5080   3.6530
6031   4.5080   3.6530
6032   4.5080   3.6530
6033   4.5080   3.6530
6034   4.5080   3.6530
6035   4.5080   3.6530
6036   4.5080   3.6530
6037   6.2690   6.2690
6038   4.5080   3.0430
6039   4.5080   3.0430
6040   4.5080   3.0430
6041   4.5080   3.0430
6042   4.5080   3.0430
6043   4.5080   3.0430
6044   4.5080   3.0430
6045   4.5080   3.0430
6046   4.5080   3.0430
6047   6.2690   6.2690
6048   6.2690   6.2690
6049   4.5080   2.4330
6050   4.5080   2.4330
6051   4.5080   2.4330
6052   4.5080   2.4330
6053   4.5080   2.4330
6054   4.5080   2.4330
6055   4.5080   2.4330
6056   4.5080   2.4330
6057   4.5080   2.4330
6058   4.5080   2.4330
6059   4.5080   2.4330
6060   4.5080   2.4330
6061   4.5080   2.4330
6062   4.5080   2.4330
6063   4.5080   2.4330
6064   4.5080   2.4330
6065   4.5080   4.2620
6066   4.5080   4.2620
6067   4.5080   4.2620
6068   4.5080   4.2620
6070   4.5080   4.2620
6071   4.5080   4.2620
6072   6.2690   6.2690
6073   4.5080   3.6530
6075   4.5080   3.6530
6076   4.5080   3.6530
6077   4.5080   3.6530
6078   4.5080   3.6530
6079   4.5080   3.6530
6080   4.5080   3.6530
6081   4.5080   3.6530
6082   4.5080   3.6530
6083   4.5080   3.6530
6084   4.5080   3.0430
6085   4.5080   3.0430
6086   4.5080   3.0430
6087   4.5080   3.0430
6088   4.5080   3.0430
6089   4.5080   3.0430
6090   4.5080   3.0430
6091   4.5080   2.4330
6092   4.5080   2.4330
6093   4.5080   2.4330
6094   4.5080   2.4330
6095   4.5080   2.4330
6096   4.5080   2.4330
6097   4.5080   2.4330
6098   4.5080   2.4330
6099   4.5080   2.4330
6100   4.5080   2.4330
6101   4.5080   2.4330
6102   4.5080   2.4330
6103   4.5080   2.4330
6104   5.9830   3.2290
6105   5.9830   3.2290
6106   5.9830   3.2290
6108   5.9830   3.2290
6109   5.9830   3.2290
6110   5.9830   3.2290
6111   5.9830   3.2290
6112   5.9830   3.2290
6113   5.9830   3.2290
6114   5.9830   3.2290
6115   5.9830   2.7670
6116   5.9830   2.7670
6117   5.9830   2.7670
6118   5.9830   2.7670
6119   5.9830   2.7670
6120   5.9830   2.7670
6121   5.9830   2.7670
6122   5.9830   2.3040
6123   5.9830   2.3040
6124   5.9830   2.3040
6125   5.9830   2.3040
6126   5.9830   2.3040
6127   5.9830   2.3040
6128   5.9830   2.3040
6129   5.9830   1.8420
6130   5.9830   1.8420
6131   5.9830   1.8420
6132   5.9830   1.8420
6133   5.9830   1.8420
6134   5.9830   1.8420
6135   5.9830   1.8420
6136   5.9830   1.8420
6137   5.9830   1.8420
6138   5.9830   1.8420
6139   5.9830   1.8420
6140   5.9830   1.8420
6141   5.9830   1.8420
6142   5.9830   3.2290
6143   5.9830   3.2290
6144   5.9830   3.2290
6145   5.9830   3.2290
6146   5.9830   3.2290
6154   5.9830   3.2290
6155   5.9830   3.2290
6156   5.9830   3.2290
6157   5.9830   3.2290
6158   5.9830   3.2290
6159   5.9830   3.2290
6160   5.9830   3.2290
6161   5.9830   3.2290
6162   5.9830   3.2290
6163   5.9830   3.2290
6164   5.9830   3.2290
6165   5.9830   2.7670
6166   5.9830   3.2290
6167   5.9830   3.2290
6168   5.9830   3.2290
6169   5.9830   3.2290
6170   5.9830   2.7670
6171   5.9830   2.7670
6172   5.9830   2.7670
6173   5.9830   2.7670
6174   5.9830   2.7670
6175   5.9830   2.7670
6177   5.9830   2.3040
6178   5.9830   2.3040
6179   5.9830   2.3040
6180   5.9830   2.3040
6181   5.9830   2.3040
6182   5.9830   2.3040
6183   5.9830   1.8420
6184   5.9830   1.8420
6185   5.9830   1.8420
6186   5.9830   1.8420
6187   5.9830   1.8420
6188   5.9830   1.8420
6189   5.9830   1.8420
6190   5.9830   1.8420
6191   4.9730   3.9360
6192   4.9730   3.9360
6193   4.9730   3.9360
6194   4.9730   3.9360
6195   4.9730   3.9360
6196   4.9730   3.9360
6197   4.9730   3.3730
6198   4.9730   3.3730
6199   4.9730   3.3730
6200   4.9730   3.3730
6201   4.9730   3.3730
6202   4.9730   2.8100
6203   4.9730   2.8100
6204   4.9730   2.8100
6205   4.9730   2.8100
6206   4.9730   2.8100
6207   4.9730   2.8100
6208   4.9730   2.8100
6209   4.9730   2.8100
6210   4.9730   2.8100
6211   4.9730   2.8100
6212   4.9730   2.8100
6213   4.9730   2.2460
6214   4.9730   2.2460
6215   4.9730   2.2460
6216   4.9730   2.2460
6217   4.9730   2.2460
6218   4.9730   2.2460
6219   4.9730   2.2460
6220   4.9730   2.2460
6221   4.9730   2.2460
6222   4.9730   2.2460
6223   4.9730   2.2460
6224   4.9730   2.2460
6225   4.9730   2.2460
6237   4.9730   3.9360
6238   4.9730   3.9360
6239   4.9730   3.9360
6240   4.9730   3.9360
6241   4.9730   3.9360
6242   4.9730   3.9360
6243   4.9730   3.9360
6244   4.9730   3.9360
6245   4.9730   3.9360
6246   4.9730   3.9360
6247   4.9730   3.9360
6248   4.9730   3.3730
6249   4.9730   3.3730
6250   4.9730   3.3730
6251   4.9730   3.3730
6252   4.9730   3.3730
6253   4.9730   3.3730
6254   4.9730   3.3730
6255   4.9730   3.3730
6256   4.9730   2.8100
6257   4.9730   2.8100
6258   4.9730   2.8100
6259   4.9730   2.8100
6260   4.9730   2.8100
6261   4.9730   2.8100
6262   4.9730   2.8100
6263   4.9730   2.8100
6264   4.9730   2.8100
6265   4.9730   2.8100
6266   4.9730   2.8100
6267   4.9730   2.8100
6270   4.9730   2.2460
6271   4.9730   2.2460
6272   4.9730   2.2460
6273   4.9730   2.2460
6274   4.9730   2.2460
6275   4.9730   2.2460
6276   4.9730   2.2460
6277   4.9730   2.2460
6278   4.9730   2.2460
6279   4.9730   2.2460
6280   4.9730   2.2460
6281   4.9730   2.2460
6282   4.9730   2.2460
6283   4.9730   2.2460
6284   4.9730   2.2460
6285   5.9830   3.2290
6286   5.9830   3.2290
6287   5.9830   3.2290
6288   5.9830   3.2290
6289   5.9830   3.2290
6290   5.9830   3.2290
6291   5.9830   3.2290
6292   5.9830   2.7670
6293   5.9830   2.7670
6294   5.9830   2.7670
6295   5.9830   2.7670
6296   5.9830   2.7670
6297   5.9830   2.7670
6298   5.9830   2.7670
6299   5.9830   2.7670
6300   5.9830   2.3040
6301   5.9830   2.3040
6302   5.9830   2.3040
6303   5.9830   2.3040
6304   5.9830   2.3040
6305   5.9830   2.3040
6306   5.9830   2.3040
6307   5.9830   2.3040
6308   5.9830   2.3040
6309   5.9830   3.2290
6310   5.9830   3.2290
6311   5.9830   3.2290
6312   5.9830   3.2290
6313   5.9830   3.2290
6314   5.9830   3.2290
6315   5.9830   2.7670
6316   5.9830   2.7670
6317   5.9830   2.7670
6318   5.9830   2.7670
6319   5.9830   2.7670
6320   5.9830   2.7670
6321   5.9830   2.7670
6322   5.9830   2.7670
6323   5.9830   2.7670
6324   5.9830   2.3040
6325   5.9830   2.3040
6326   5.9830   2.3040
6327   5.9830   2.3040
6328   5.9830   2.3040
6329   5.9830   2.3040
6330   5.9830   2.3040
6331   5.9830   2.3040
6332   5.9830   2.3040
6334   5.9830   1.8420
6335   5.9830   1.8420
6336   5.9830   1.8420
6337   5.9830   1.8420
6338   5.9830   1.8420
6339   5.9830   1.8420
6340   5.9830   1.8420
6341   5.9830   1.8420
6342   5.9830   1.8420
6343   5.9830   1.8420
6344   5.9830   1.8420
6345   5.9830   1.8420
6346   5.9830   1.8420
6347   5.9830   1.8420
6348   5.9830   1.8420
6349   5.9830   1.8420
6350   5.9830   1.8420
6351   5.9830   1.8420
6352   5.9830   1.8420
6353   5.9830   1.8420
6354   5.9830   1.8420
6355   5.9830   1.8420
6356   5.9830   1.8420
6357   5.9830   1.8420
6358   5.9830   1.8420
6359   6.3580   2.9660
6360   6.3580   2.9660
6361   6.3580   2.9660
6362   6.3580   2.9660
6363   6.3580   2.9660
6364   6.3580   2.9660
6365   6.3580   2.9660
6367   6.3580   2.5410
6368   6.3580   2.5410
6370   6.3580   2.5410
6371   6.3580   2.5410
6372   6.3580   2.5410
6373   6.3580   2.1160
6374   6.3580   2.1160
6375   6.3580   2.1160
6376   6.3580   2.1160
6377   6.3580   2.1160
6378   6.3580   1.6910
6379   6.3580   1.6910
6380   6.3580   1.6910
6381   6.3580   1.6910
6382   6.3580   1.6910
6383   6.3580   1.6910
6385   6.3580   2.9660
6386   6.3580   2.9660
6387   6.3580   2.9660
6388   6.3580   2.9660
6389   6.3580   2.9660
6390   6.3580   2.5410
6391   6.3580   2.5410
6392   6.3580   2.5410
6393   6.3580   2.5410
6394   6.3580   2.5410
6395   6.3580   2.5410
6396   6.3580   2.5410
6397   6.3580   2.9660
6398   6.3580   2.9660
6399   6.3580   2.1160
6400   6.3580   2.1160
6401   6.3580   2.1160
6402   6.3580   2.1160
6403   6.3580   2.1160
6404   6.3580   2.1160
6405   6.3580   2.1160
6406   6.3580   2.1160
6407   6.3580   1.6910
6408   6.3580   1.6910
6409   6.3580   1.6910
6410   6.3580   1.6910
6411   6.3580   1.6910
6412   6.3580   1.6910
6413   6.3580   1.6910
6414   6.3580   1.6910
6415   6.3580   1.6910
6416   6.3580   1.6910
6417   6.3580   1.6910
6419   5.2700   3.7290
6420   5.2700   3.7290
6421   5.2700   3.7290
6422   5.2700   3.7290
6423   5.2700   3.7290
6424   5.2700   3.7290
6425   5.2700   3.7290
6426   5.2700   3.7290
6427   5.2700   3.1950
6428   5.2700   3.1950
6429   5.2700   3.1950
6430   5.2700   3.1950
6431   5.2700   3.1950
6432   5.2700   3.1950
6433   5.2700   3.1950
6434   5.2700   2.6620
6435   5.2700   2.6620
6436   5.2700   2.6620
6437   5.2700   2.6620
6438   5.2700   2.6620
6439   5.2700   2.6620
6440   5.2700   2.6620
6441   5.2700   2.1280
6442   5.2700   2.1280
6443   5.2700   2.1280
6444   5.2700   2.1280
6445   5.2700   2.1280
6446   5.2700   2.1280
6447   5.2700   2.1280
6448   5.2700   2.1280
6449   5.2700   3.7290
6450   5.2700   3.7290
6451   5.2700   3.7290
6452   5.2700   3.7290
6453   5.2700   3.7290
6454   5.2700   3.7290
6455   5.2700   3.7290
6456   5.2700   3.1950
6459   5.2700   3.1950
6460   5.2700   3.1950
6461   5.2700   3.1950
6462   5.2700   3.1950
6463   5.2700   3.1950
6464   5.2700   3.1950
6465   5.2700   2.6620
6466   5.2700   2.6620
6467   5.2700   2.6620
6468   5.2700   2.6620
6469   5.2700   2.6620
6470   5.2700   2.6620
6471   5.2700   2.1280
6472   5.2700   2.1280
6473   5.2700   2.1280
6474   5.2700   2.1280
6475   5.2700   2.1280
6476   5.2700   2.1280
6477   5.2700   2.1280
6478   5.2700   2.1280
6479   5.2700   2.1280
6482   6.3580   7
6483   6.3580   7
6484   6.3580   7
6485   6.3580   7
6486   6.3580   2.9660
6487   6.3580   2.9660
6488   6.3580   2.5410
6489   6.3580   2.5410
6490   6.3580   2.1160
6491   6.3580   2.1160
6492   6.3580   2.1160
6493   6.3580   2.1160
6494   6.3580   2.1160
6495   6.3580   1.6910
6496   6.3580   1.6910
6497   6.3580   1.6910
6498   6.3580   1.6910
6499   6.3580   1.6910
6500   6.3580   2.9660
6501   6.3580   2.9660
6502   6.3580   2.9660
6503   6.3580   2.5410
6504   6.3580   2.5410
6505   6.3580   2.5410
6506   6.3580   2.5410
6507   6.3580   2.5410
6509   6.3580   2.1160
6510   6.3580   2.1160
6511   6.3580   2.1160
6512   6.3580   2.1160
6513   6.3580   1.6910
6514   6.3580   1.6910
6515   6.3580   1.6910
6516   6.3580   1.6910
6517   6.3580   1.6910
6518   4.7360   4.1020
6519   4.7360   4.1020
6520   4.7360   4.1020
6521   4.7360   4.1020
6522   4.7360   4.1020
6523   4.7360   4.1020
6524   4.7360   4.1020
6525   4.7360   4.1020
6526   4.7360   4.1020
6527   4.7360   3.5150
6528   4.7360   3.5150
6529   4.7360   3.5150
6530   4.7360   3.5150
6531   4.7360   3.5150
6532   4.7360   3.5150
6533   4.7360   3.5150
6534   4.7360   3.5150
6535   4.7360   3.5150
6536   4.7360   3.5150
6537   5.2700   3.7290
6538   5.2700   3.7290
6539   5.2700   3.1950
6540   5.2700   3.1950
6541   5.2700   3.1950
6542   5.2700   2.6620
6543   5.2700   2.6620
6544   5.2700   2.6620
6545   5.2700   3.7290
6546   5.2700   3.7290
6547   5.2700   3.1950
6548   5.2700   3.1950
6549   5.2700   3.1950
6550   5.2700   2.6620
6551   5.2700   2.6620
6552   5.2700   2.6620
7593   5.7140   3.1500
7594   5.7140   3.1500
7595   5.7140   3.1500
7596   5.7140   3.1500
7597   5.7140   3.1500
7598   5.7140   3.1500
7599   5.7140   3.1500
7600   5.7140   3.1500
7601   5.7140   3.1500
7602   5.7140   3.1500
7603   5.7140   3.1500
7604   5.7140   3.1500
7605   5.7140   2.6990
7606   5.7140   2.6990
7607   5.7140   2.6990
7608   5.7140   2.6990
7609   5.7140   2.6990
7610   5.7140   2.6990
7611   5.7140   2.2480
7612   5.7140   2.2480
7613   5.7140   2.2480
7614   5.7140   2.2480
7615   5.7140   2.2480
7616   5.7140   2.2480
7617   5.7140   2.2480
7618   5.7140   2.2480
7619   5.7140   2.2480
7620   5.7140   1.7970
7621   5.7140   1.7970
7622   5.7140   1.7970
7623   5.7140   1.7970
7624   5.7140   1.7970
7625   5.7140   1.7970
7626   5.7140   1.7970
7627   5.7140   1.7970
7628   5.7140   1.7970
7629   5.7140   1.7970
7630   5.7140   1.7970
7631   5.7140   1.7970
7632   5.7140   1.7970
7633   5.7140   1.7970
7634   5.7140   1.7970
7635   5.7140   3.1500
7636   5.7140   3.1500
7637   5.7140   3.1500
7638   5.7140   3.1500
7639   5.7140   3.1500
7640   5.7140   2.6990
7641   5.7140   2.6990
7642   5.7140   2.6990
7643   5.7140   2.6990
7644   5.7140   2.6990
7645   5.7140   2.6990
7646   5.7140   2.2480
7647   5.7140   2.2480
7648   5.7140   2.2480
7649   5.7140   2.2480
7650   5.7140   2.2480
7651   5.7140   2.2480
7652   5.7140   2.2480
7653   5.7140   2.2480
7654   5.7140   2.2480
7655   5.7140   2.2480
7656   5.7140   1.7970
7657   5.7140   1.7970
7658   5.7140   1.7970
7659   5.7140   1.7970
7660   5.7140   1.7970
7661   5.7140   1.7970
7662   5.7140   1.7970
7663   5.7140   1.7970
7665   5.7140   1.7970
7666   5.7140   1.7970
7667   5.7140   1.7970
7668   5.7140   1.7970
7669   5.7140   1.7970
7670   5.7140   1.7970
7671   4.3570   3.5140
7672   4.3570   3.5140
7673   4.3570   3.5140
7674   4.3570   3.5140
7675   4.3570   2.9280
7676   4.3570   2.9280
7677   4.3570   2.9280
7678   4.3570   2.9280
7679   4.3570   2.9280
7680   4.3570   2.9280
7681   4.3570   2.9280
7682   4.3570   2.9280
7684   4.3570   2.3410
7685   4.3570   2.3410
7686   4.3570   2.3410
7687   4.3570   2.3410
7688   4.3570   2.3410
7689   4.3570   2.3410
7690   4.3570   2.3410
7691   4.3570   2.3410
7692   4.3570   2.3410
7693   4.3570   2.3410
7694   4.3570   2.3410
7695   4.3570   2.3410
7697   4.3570   3.5140
7698   4.3570   3.5140
7699   4.3570   3.5140
7700   4.3570   3.5140
7701   4.3570   3.5140
7702   4.3570   3.5140
7703   4.3570   3.5140
7706   4.3570   2.9280
7707   4.3570   2.9280
7708   4.3570   2.9280
7709   4.3570   2.9280
7710   4.3570   2.9280
7711   4.3570   2.9280
7712   4.3570   2.9280
7713   4.3570   2.3410
7714   4.3570   2.3410
7715   4.3570   2.3410
7716   4.3570   2.3410
7717   4.3570   2.3410
7718   4.3570   2.3410
7719   4.3570   2.3410
7720   4.3570   2.3410
7721   4.3570   2.3410
7722   4.3570   2.3410
7723   5.2700   4.4520
7724   5.2700   4.4520
7725   5.2700   4.4520
7727   5.2700   3.2140
7728   5.2700   3.2140
7729   5.2700   3.2140
7730   5.2700   3.2140
7731   5.2700   3.2140
7732   5.2700   3.2140
7733   5.2700   3.2140
7734   5.2700   3.2140
7735   5.2700   3.2140
7736   5.2700   3.2140
7737   5.2700   2.7180
7738   5.2700   2.7180
7739   5.2700   2.7180
7740   5.2700   2.7180
7741   5.2700   2.7180
7742   5.2700   2.7180
7743   5.2700   2.7180
7744   5.2700   2.7180
7745   5.2700   2.7180
7746   5.2700   2.7180
7747   5.2700   2.7180
7748   5.2700   2.7180
7749   5.2700   2.7180
7750   5.2700   2.2230
7751   5.2700   2.2230
7752   5.2700   2.2230
7753   5.2700   2.2230
7754   5.2700   2.2230
7755   5.2700   2.2230
7756   5.2700   2.2230
7757   5.2700   2.2230
7758   5.2700   2.2230
7759   5.2700   2.2230
7760   5.2700   4.4520
7761   5.2700   4.4520
7762   5.2700   4.4520
7763   5.2700   4.4520
7765   5.2700   3.2140
7766   5.2700   3.2140
7767   5.2700   3.2140
7768   5.2700   3.2140
7769   5.2700   3.2140
7770   5.2700   3.2140
7771   5.2700   3.2140
7772   5.2700   3.2140
7773   5.2700   2.7180
7774   5.2700   2.7180
7775   5.2700   2.7180
7776   5.2700   2.7180
7777   5.2700   2.7180
7778   5.2700   2.7180
7779   5.2700   2.7180
7781   5.2700   2.2230
7782   5.2700   2.2230
7783   5.2700   2.2230
7784   5.2700   2.2230
7785   5.2700   2.2230
7786   5.2700   2.2230
7787   5.2700   2.2230
7788   5.2700   2.2230
7789   5.2700   2.2230
7790   5.2700   2.2230
7791   5.2700   2.2230
7792   5.2700   2.2230
7793   4.8900   3.4610
7794   4.8900   3.4610
7795   4.8900   3.4610
7796   4.8900   3.4610
7797   4.8900   3.4610
7798   4.8900   2.9280
7799   4.8900   2.9280
7800   4.8900   2.9280
7801   4.8900   2.9280
7802   4.8900   2.9280
7803   4.8900   2.3940
7804   4.8900   2.3940
7805   4.8900   2.3940
7806   4.8900   2.3940
7807   4.8900   2.3940
7808   4.8900   3.4610
7809   4.8900   3.4610
7810   4.8900   3.4610
7811   4.8900   3.4610
7812   4.8900   2.9280
7813   4.8900   2.9280
7814   4.8900   2.9280
7815   4.8900   2.3940
7816   4.8900   2.3940
7817   4.8900   2.3940
7818   4.8900   2.3940
7819   4.8900   2.3940
7820   4.8900   2.3940
