Run   SN  Mom Eff         Err
6020	1	4.262	0.95026		0.00322043
6021	2	4.262	0.95187		0.00234955
6022	3	4.262	0.959864	0.00546614
6026	4	4.262	0.945042	0.00581639
6027	5	3.653	0.961168	0.0044034
6028	6	3.653	0.954235	0.00763198
6029	7	3.653	0.957665	0.00968126
6030	8	3.653	0.951461	0.00324936
6031	9	3.653	0.94989	0.00382823
6032	10	3.653	0.943508	0.00408647
6043	11	3.043	0.947768	0.00436331
6044	12	3.043	0.952509	0.00347954
6045	13	3.043	0.954847	0.00644872
6046	14	3.043	0.955961	0.00488721
6049	15	2.433	0.954154	0.010109
6050	16	2.433	0.958306	0.00528027
6051	17	2.433	0.950811	0.00666746
6052	18	2.433	0.953704	0.00454538
6053	19	2.433	0.957055	0.0063837
6054	20	2.433	0.952809	0.00263925
6055	21	2.433	0.954761	0.00571868
6056	22	2.433	0.950781	0.00510878
6057	23	2.433	0.953815	0.00498298
6058	24	2.433	0.949264	0.00586397
6145	25	3.229	0.957089	0.00243004
6146	26	3.229	0.957108	0.00542573
6154	27	3.229	0.957547	0.00232361
6155	28	3.229	0.979194	0.0205887
6166	29	3.229	0.96936	0.00567572
6168	30	3.229	0.959006	0.00487271
6169	31	3.229	0.96357	0.0159924
6170	32	2.767	0.953868	0.00253584
6171	33	2.767	0.955145	0.00276736
6172	34	2.767	0.96521	0.00580863
6179	35	2.304	0.958412	0.00267554
6180	36	2.304	0.956672	0.00283552
6181	37	2.304	0.95295	0.00815124
6182	38	2.304	0.949165	0.00793052
6183	39	1.842	0.962347	0.00598711
6184	40	1.842	0.962284	0.00884408
6185	41	1.842	0.953122	0.00415088
6186	42	1.842	0.959711	0.00325396
6187	43	1.842	0.951765	0.00350686
6194	44	3.936	0.957379	0.00291178
6195	45	3.936	0.950678	0.00303695
6196	46	3.936	0.963501	0.00525735
6197	47	3.373	0.954784	0.00593723
6198	48	3.373	0.95677	0.00304921
6199	49	3.373	0.951932	0.00308651
6205	50	2.81	0.956211	0.00321004
6208	51	2.81	0.950242	0.00621347
6209	52	2.81	0.953151	0.00299844
6210	53	2.81	0.961303	0.00410469
6211	54	2.81	0.966754	0.00648131
6212	55	2.81	0.96243	0.00456286
6213	56	2.246	0.952327	0.00714673
6214	57	2.246	0.945416	0.0083332
6215	58	2.246	0.94855	0.00805626
6216	59	2.246	0.958013	0.003653
6217	60	2.246	0.956262	0.00697859
6219	61	2.246	0.952342	0.00376848
6386	62	2.966	0.965619	0.0109974
6387	63	2.966	0.96085	0.00191076
6388	64	2.966	0.958269	0.0021875
6389	65	2.966	0.964713	0.00756311
6390	66	2.541	0.954681	0.00907424
6391	67	2.541	0.947419	0.0112695
6393	68	2.541	0.956548	0.00575004
6394	69	2.541	0.960739	0.00311685
6395	70	2.541	0.95707	0.00290249
6396	71	2.541	0.96204	0.00522641
6397	72	2.966	0.957771	0.00344102
6398	73	2.966	0.963712	0.00252964
6399	74	2.116	0.95539	0.00699341
6400	75	2.116	0.973599	0.00744287
6401	76	2.116	0.958333	0.0138388
6402	77	2.116	0.957488	0.00355562
6403	78	2.116	0.956785	0.00332113
6404	79	2.116	0.951363	0.00400577
6405	80	2.116	0.961564	0.00885297
6406	81	2.116	0.967043	0.00876012
6407	82	1.691	0.960608	0.0103417
6408	83	1.691	0.941891	0.0104164
6410	84	1.691	0.946885	0.0115935
6411	85	1.691	0.958595	0.00448874
6412	86	1.691	0.956182	0.0053796
6413	87	1.691	0.950741	0.00547135
6415	88	1.691	0.955449	0.00458397
6416	89	1.691	0.954576	0.00527622
6417	90	1.691	0.962608	0.00550725
6419	91	3.729	0.95486	0.00239569
6421	92	3.729	0.950425	0.00284421
6422	93	3.729	0.953366	0.00331757
6423	94	3.729	0.961686	0.0118816
6425	95	3.729	0.95797	0.00843006
6426	96	3.729	0.969463	0.0092242
6427	97	3.195	0.947749	0.00953881
6428	98	3.195	0.943513	0.00954232
6429	99	3.195	0.957217	0.00372716
6430	100	3.195	0.955872	0.00301876
6431	101	3.195	0.951877	0.00442169
6432	102	3.195	0.95934	0.00304772
6433	103	3.195	0.955138	0.00320888
6434	104	2.662	0.949008	0.00338241
6435	105	2.662	0.94716	0.00345627
6436	106	2.662	0.952094	0.00420944
6439	107	2.662	0.953809	0.0103836
6440	108	2.662	0.953177	0.0092355
6441	109	2.128	0.945329	0.0114143
6442	110	2.128	0.940276	0.0098066
6443	111	2.128	0.962578	0.00461202
6444	112	2.128	0.944286	0.00534591
6445	113	2.128	0.959626	0.00471249
6446	114	2.128	0.970084	0.00427807
6447	115	2.128	0.957353	0.00496311
6448	116	2.128	0.958727	0.00453244
6500	117	2.966	0.955447	0.00275221
6501	118	2.966	0.95807	0.002441
6502	119	2.966	0.956769	0.00516371
6503	120	2.541	0.955338	0.00702959
6504	121	2.541	0.957008	0.00930326
6506	122	2.541	0.955202	0.0035719
6507	123	2.541	0.956687	0.00174017
6509	124	2.116	0.954867	0.00271722
6510	125	2.116	0.955782	0.00332536
6512	126	2.116	0.967328	0.00634789
6513	127	1.691	0.975367	0.00615447
6514	128	1.691	0.958506	0.00473241
6515	129	1.691	0.956818	0.00351234
6516	130	1.691	0.954834	0.00592413
6517	131	1.691	0.952406	0.00360032
6518	132	4.102	0.949075	0.00640143
6519	133	4.102	0.960752	0.00258228
6520	134	4.102	0.954767	0.0042591
6521	135	4.102	0.972527	0.00641929
6533	136	3.515	0.943421	0.0112617
6534	137	3.515	0.969354	0.010274
6535	138	3.515	0.959748	0.00280685
6536	139	3.515	0.954073	0.00313026
6537	140	3.729	0.956291	0.00198794
6538	141	3.729	0.954987	0.00691201
6539	142	3.195	0.950159	0.00757585
6541	143	3.195	0.958658	0.00209534
6542	144	2.662	0.95484	0.00301744
6543	145	2.662	0.961447	0.00230834
6544	146	2.662	0.95489	0.00659417
7635	147	3.15	0.958208	0.00371042
7636	148	3.15	0.956281	0.00365593
7637	149	3.15	0.952696	0.00664275
7638	150	3.15	0.965932	0.00900918
7639	151	3.15	0.948316	0.0190233
7640	152	2.699	0.954351	0.0157667
7641	153	2.699	0.957566	0.010071
7642	154	2.699	0.954767	0.00428912
7643	155	2.699	0.946825	0.00493058
7644	156	2.699	0.952429	0.00434457
7645	157	2.699	0.941786	0.00703089
7646	158	2.248	0.9335	0.00605087
7647	159	2.248	0.942298	0.00550736
7648	160	2.248	0.929009	0.00593036
7649	161	2.248	0.943853	0.00547711
7650	162	2.248	0.928916	0.0060585
7651	163	2.248	0.926245	0.00588467
7652	164	2.248	0.933145	0.00563314
7654	165	2.248	0.966092	0.00864137
7655	166	2.248	0.974705	0.00821103
7657	167	1.797	0.962226	0.0103518
7658	168	1.797	0.967969	0.00934384
7659	169	1.797	0.935377	0.028307
7660	170	1.797	0.941239	0.0177523
7661	171	1.797	0.91482	0.00864206
7662	172	1.797	0.903498	0.00944528
7663	173	1.797	0.907564	0.00894116
7666	174	1.797	0.942564	0.0112656
7667	175	1.797	0.945117	0.00943198
7668	176	1.797	0.914358	0.00914515
7669	177	1.797	0.912887	0.00905451
7670	178	1.797	0.908197	0.00947893
7707	180	2.928	0.932187	0.00582701
7708	181	2.928	0.924488	0.00589386
7709	182	2.928	0.925899	0.00566471
7710	183	2.928	0.920153	0.00830466
7711	184	2.928	0.957993	0.00837079
7712	185	2.928	0.967666	0.0103194
7713	186	2.341	0.905613	0.0221127
7714	187	2.341	0.968761	0.0131106
7715	188	2.341	0.971258	0.00769149
7716	189	2.341	0.919454	0.00849675
7717	190	2.341	0.915457	0.00841345
7718	191	2.341	0.914171	0.00800381
7719	192	2.341	0.933454	0.00786578
7720	193	2.341	0.912355	0.00872802
7721	194	2.341	0.926592	0.00772711
7722	195	2.341	0.929404	0.00804527
7760	196	4.452	0.958536	0.0031987
7762	197	4.452	0.971214	0.0115813
7768	198	3.214	0.959397	0.00413793
7769	199	3.214	0.951356	0.00548772
7770	200	3.214	0.958863	0.00625764
7771	201	3.214	0.9635	0.00564293
7772	202	3.214	0.949505	0.00928822
7773	203	2.718	0.944836	0.0106316
7774	204	2.718	0.95681	0.012738
7775	205	2.718	0.947782	0.00441741
7776	206	2.718	0.938462	0.00505868
7777	207	2.718	0.938793	0.00473674
7783	208	2.223	0.932124	0.00626427
7784	209	2.223	0.923199	0.00647206
7785	210	2.223	0.931438	0.00622821
7786	211	2.223	0.925625	0.00672023
7787	212	2.223	0.926784	0.00806199
7790	213	2.223	0.950788	0.0126289
7791	214	2.223	0.957143	0.0242076
7792	215	2.223	0.96495	0.0119872
7793	216	3.461	0.968723	0.0102614
7794	217	3.461	0.98573	0.0070838
7805	218	2.394	0.923338	0.00566025
7806	219	2.394	0.909168	0.00557174
7807	220	2.394	0.932304	0.00688528
7808	221	3.461	0.952357	0.00370037
7809	222	3.461	0.946771	0.00415927
7811	223	3.461	0.945632	0.00988178
7812	224	2.928	0.946385	0.00970641
7813	225	2.928	0.927223	0.00509156
7814	226	2.928	0.938017	0.00419024
7815	227	2.394	0.915596	0.00672737
7816	228	2.394	0.921132	0.00621413
7817	229	2.394	0.929778	0.00569098
7819	230	2.394	0.934151	0.01675
7820	231	2.394	0.950666	0.00909032
