==============0========all corr====
run	ch	cur	rate	acc*5	acc*1	data_ct	good_ct	c/Q	lt		shms_tr	hms_tr	    c/Q_corr	c/Q_dumSub			
6429	44.47	40.27	522.29	6366	1273	9562	8289	186.40	0.976812    	0.985538 0.986734   196.22	188.99	2.07		   		
6430	66.95	40.02	519.10  9302	1860	14622	12761	190.60	0.976387        0.985268 0.986941   200.74	193.51	1.78	
6431	34.66	39.97	518.51	5115 	1023 	7623	6600	190.42	0.976132	0.985877 0.986817   200.51	193.28  2.38	
6432	62.74	30.26	396.23	6969	1393	13479	12086	192.63	0.981484 	0.987399 0.987406   201.31	194.08  1.76	
6433	59.63	20.19	267.34	4539	907	12747	11840	198.56	0.988527 	0.989126 0.988586   205.41 	198.18	1.82			
# dummy 6427-28 => 29.7 * 0.245 = 7.23 is corrected yield

6459	113.58	62.60	421.0	19779	3956	16872	12916	113.71	0.976247	0.984093 0.985156   120.14	115.88	1.02		  		
6460	10.08	63.01	423.7	1794	359	1480	1124	111.50	0.977458 	0.984169 0.986064   117.23	112.97	3.36	
6461	120.58	54.82	370.46	18354	3670	17373	13702	113.63	0.979176 	0.984880 0.985773   119.53	115.27  0.98				
6462	108.71	48.37	327.45	14908	2982	15546	12564	115.57	0.982916 	0.985861 0.986667   120.82	116.56 	1.04 		
6463	13.03	35.09	238.40	1396	279	1838	1559	119.63	0.985469	0.988316 0.987126   124.43	120.17	3.04		
6464	93.65	35.69	242.54	9571	1914	12992	11078	118.29  0.986393  	0.986924 0.987413   123.05 	118.79	1.17
# dummy 6456 => 17.40 * 0.245 = 4.263 is corrected yield


==============1=================
//for bare yiled 
#No correction other than dummy (dummy uncorr yield =29*0.245 = 7.1)
				bare 
6429		40.27	522.29		179.3	   1.96		   		
6430		40.02	519.10  	183.5	   1.62		
6431		39.97	518.51		183.3	   2.25
6432		30.26	396.23		185.53	   1.68	
6433		20.19	267.34		191.46	   1.75

6459		62.60	421.0		109.56	   0.96	  		
6460		63.01	423.7		107.35	   3.20
6461		54.82	370.46		109.48	   0.93		
6462		48.37	327.45		111.42	   0.99	
6463		35.09	238.40		115.48	   2.92
6464		35.69	242.54	  	114.14     1.08
dummy = 16.94*0.245= 4.15


=====================2========for yiled/TReff

#Tr corr                                bare     bare/tr
6429		40.27	522.29		179.3	   184.37	 2.02		   		
6430		40.02	519.10  	183.5 	   190.76	 1.68		
6431		39.97	518.51		183.3	   188.41   	 2.31
6432		30.26	396.23		185.53	   190.06      	 1.73	
6433		20.19	267.34		191.46	   195.79   	 1.79

6459		62.60	421.0		109.56	   113.01	0.99	  		
6460		63.01	423.7		107.35	   110.61	3.29
6461		54.82	370.46		109.48	   112.76	0.96		
6462		48.37	327.45		111.42	   114.54	1.02	
6463		35.09	238.40		115.48	   118.37 	2.99
6464		35.69	242.54	  	114.14     117.13	1.02



==============3========all corr====

                                        bare     bare/tr    all_cor
6429		40.27	522.29		179.3	   184.37	 188.99	  2.07		   		
6430		40.02	519.10  	183.5 	   190.76	 193.51	  1.78		
6431		39.97	518.51		183.3	   188.41   	 193.28	  2.38
6432		30.26	396.23		185.53	   190.06      	 194.08	  1.76	
6433		20.19	267.34		191.46	   195.79   	 198.18	  1.82

6459		62.60	421.0		109.56	   113.01	115.88	  1.02	  		
6460		63.01	423.7		107.35	   110.61	112.97	  3.36
6461		54.82	370.46		109.48	   112.76	115.27	  0.98		
6462		48.37	327.45		111.42	   114.54	116.56	  1.04	
6463		35.09	238.40		115.48	   118.37 	120.17	  3.04
6464		35.69	242.54	  	114.14     117.13	118.79	  1.17



