 Run		LT			LT_err			curr		boiling_fact
 6018		0.976169		0.00792008		30.1067		1.00963
 6019		0.978118		0.00712954		30.2592		1.00968
 6020		0.9781			0.0085204		30.2035		1.00967
 6021		0.977468		0.00605329		30.2656		1.00968
 6022		0.994316		0.00689746		40.24		1.01288
 6023		0.980109		0.00627648		34.8224		1.01114
 6024		0.971574		0.0109286		46.1233		1.01476
 6025		0.975828		0.00907057		44.1762		1.01414
 6026		0.995281		0.00606078		38.5621		1.01234
 6027		0.992745		0.00552046		38.6985		1.01238
 6028		0.993302		0.00926346		39.825		1.01274
 6029		0.98138			0.0145422		17.4464		1.00558
 6030		0.981986		0.00525507		16.0847		1.00515
 6031		0.982715		0.0070506		15.8234		1.00506
 6032		0.982545		0.00737698		16.1267		1.00516
 6033		0.975867		0.0078558		35.0477		1.01122
 6034		0.980405		0.00732671		34.548		1.01106
 6035		0.979612		0.00664034		34.5045		1.01104
 6036		0.977713		0.00984923		34.9537		1.01119
 6038		0.980151		0.00518068		18.0029		1.00576
 6039		0.98028			0.00531851		18.0623		1.00578
 6040		0.980078		0.00575355		18.1431		1.00581
 6041		0.982896		0.00707113		18.2261		1.00583
 6042		0.985221		0.00517144		18.1167		1.0058
 6043		0.982238		0.00645718		10.1136		1.00324
 6044		0.982289		0.00559326		10.1172		1.00324
 6045		0.982635		0.00992375		10.1285		1.00324
 6046		0.990057		0.00601807		40.1814		1.01286
 6049		0.981114		0.013142		6.0679		1.00194
 6050		0.981417		0.0067725		6.04129		1.00193
 6051		0.983131		0.00695147		6.06322		1.00194
 6052		0.981994		0.00531535		6.02834		1.00193
 6053		0.982291		0.00716003		6.05029		1.00194
 6054		0.979102		0.00333474		7.07594		1.00226
 6055		0.979499		0.007395		7.09284		1.00227
 6056		0.983312		0.00574728		40.3716		1.01292
 6057		0.983291		0.00565393		40.5305		1.01297
 6058		0.984179		0.00671426		40.6802		1.01302
 6059		0.98227			0.00503574		12.1412		1.00389
 6060		0.981209		0.00493124		12.1671		1.00389
 6061		0.979315		0.00513407		13.6043		1.00435
 6062		0.981443		0.00794359		13.6479		1.00437
 6063		0.980834		0.00479671		13.6676		1.00437
 6064		0.979412		0.00502163		13.6487		1.00437
 6065		0.976252		0.00467028		46.6499		1.01493
 6066		0.969935		0.00628717		49.314		1.01578
 6067		0.995647		0.00576118		40.4303		1.01294
 6068		0.972442		0.0087199		44.1767		1.01414
 6070		0.972215		0.00958271		45.1061		1.01443
 6071		0.974476		0.0110028		45.6822		1.01462
 6073		0.980318		0.00460578		28.1817		1.00902
 6080		0.993371		0.00551812		39.533		1.01265
 6081		0.977045		0.0140917		27.8261		1.0089
 6082		0.96524			0.00545484		45.5233		1.01457
 6083		0.968307		0.00546153		47.6541		1.01525
 6084		0.976198		0.00525641		36.4438		1.01166
 6085		0.974934		0.00830788		35.5669		1.01138
 6086		0.972838		0.00545551		36.2		1.01158
 6087		0.992607		0.00459991		39.4868		1.01264
 6088		0.979553		0.00559341		16.2073		1.00519
 6089		0.979768		0.00607009		16.4094		1.00525
 6090		0.981646		0.00622786		16.5825		1.00531
 6091		0.98275			0.00491238		9.66168		1.00309
 6093		0.980425		0.00506907		9.19112		1.00294
 6094		0.987035		0.00858111		9.32514		1.00298
 6095		0.987829		0.0105073		9.57536		1.00306
 6096		0.981021		0.00547367		9.58076		1.00307
 6097		0.992021		0.00956891		35.7281		1.01143
 6098		0.987921		0.00526294		37.9608		1.01215
 6099		0.983199		0.0055781		20.1329		1.00644
 6101		0.98291			0.00481819		17.5252		1.00561
 6102		0.982854		0.00532324		20.3291		1.00651
 6103		0.981683		0.00781062		20.3914		1.00653
 6104		0.99266			0.00569318		31.7318		1.01015
 6105		0.993694		0.00593972		28.1672		1.00901
 6106		0.995141		0.00693856		26.593		1.00851
 6109		0.998419		0.00639542		28.9818		1.00927
 6110		0.998108		0.00759057		30.1801		1.00966
 6111		0.993225		0.00867979		29.1297		1.00932
 6112		0.992157		0.00837308		30.3721		1.00972
 6114		0.995972		0.00966146		28.9555		1.00927
 6115		0.990464		0.00675237		34.0061		1.01088
 6116		0.988368		0.00833089		31.1457		1.00997
 6117		0.98605			0.00622635		33.081		1.01059
 6118		0.990223		0.00674684		39.4895		1.01264
 6119		0.997235		0.00801512		40.7137		1.01303
 6120		0.995204		0.00953111		39.8705		1.01276
 6121		0.990142		0.0102991		33.8506		1.01083
 6122		0.970277		0.00589253		42.151		1.01349
 6123		0.980315		0.00580763		49.7512		1.01592
 6124		0.981842		0.00630641		34.4042		1.01101
 6125		0.980394		0.00660136		34.3424		1.01099
 6126		0.983792		0.00985444		40.265		1.01288
 6127		0.995831		0.0102803		40.5016		1.01296
 6128		0.995692		0.00632959		39.8662		1.01276
 6129		0.996074		0.0108888		38.4718		1.01231
 6130		0.996955		0.00663095		40.1581		1.01285
 6132		0.995295		0.00667406		34.7666		1.01113
 6133		0.998345		0.00908302		13.0571		1.00418
 6135		0.997202		0.00778592		21.9283		1.00702
 6136		0.981328		0.00616793		17.9641		1.00575
 6137		0.980454		0.00557731		17.7712		1.00569
 6138		0.984507		0.00588471		17.8529		1.00571
 6139		0.982883		0.00613683		39.1862		1.01254
 6140		0.979643		0.00644302		40.7456		1.01304
 6141		0.978648		0.00642877		42.5302		1.01361
 6142		0.993055		0.00966725		46.9021		1.01501
 6144		0.987256		0.00591439		44.7737		1.01433
 6145		0.980211		0.0108719		51.0268		1.01633
 6146		0.987964		0.0158686		43.4756		1.01391
 6154		0.988045		0.00503641		25.6791		1.00822
 6155		0.998694		0.00975204		19.956		1.00639
 6163		0.978000   		0.00828077		67.9417		1.02174
 6168		0.995600  		0.00632959		37.8424		1.01211
 6170		0.982601		0.00789181		25.2624		1.00808
 6171		0.986142		0.0085063		25.3256		1.0081
 6172		0.996152		0.00952548		40.1038		1.01283
 6174		0.982428		0.0102905		55.8206		1.01786
 6175		0.975898		0.0109488		52.3471		1.01675
 6177		0.980023		0.00704098		29.9882		1.0096
 6178		0.981048		0.00667829		29.5274		1.00945
 6179		0.98375			0.00652347		15.1456		1.00485
 6180		0.980382		0.00648294		15.0916		1.00483
 6181		0.991486		0.0111169		40.4085		1.01293
 6182		0.993248		0.00994824		40.1308		1.01284
 6183		0.987262		0.00786012		39.9085		1.01277
 6184		0.98944			0.0123733		40.7598		1.01304
 6185		0.982681		0.0066802		9.18123		1.00294
 6186		0.981766		0.0054606		8.88734		1.00284
 6187		0.983881		0.00530137		9.03723		1.00289
 6188		0.982364		0.00626924		17.1575		1.00549
 6189		0.983829		0.00605157		17.1185		1.00548
 6190		0.975273		0.00609348		16.8958		1.00541
 6192		0.983037		0.00849451		59.771		1.01913
 6193		0.981444		0.00744199		58.306		1.01866
 6194		0.979006		0.00884341		44.8809		1.01436
 6195		0.97949			0.00808183		46.4458		1.01486
 6196		0.995272		0.00583268		39.4452		1.01262
 6197		0.994777		0.00624566		40.6687		1.01301
 6198		0.97923			0.00717582		30.4905		1.00976
 6199		0.979004		0.00657102		30.3597		1.00972
 6200		0.976951		0.0068859		54.7493		1.01752
 6201		0.978789		0.00712124		55.6287		1.0178
 6202		0.980731		0.00562054		30.5947		1.00979
 6203		0.980314		0.00557516		30.5687		1.00978
 6204		0.982302		0.00694114		30.5667		1.00978
 6205		0.982044		0.00518152		15.2069		1.00487
 6208		0.986665		0.00732242		15.322		1.0049
 6209		0.982623		0.00486095		15.3383		1.00491
 6210		0.98025			0.00740047		15.1699		1.00485
 6211		0.992994		0.00758495		40.4234		1.01294
 6212		0.991247		0.00479832		39.1111		1.01252
 6213		0.987346		0.00659076		40.731		1.01303
 6214		0.986096		0.00736768		40.5764		1.01298
 6215		0.98847			0.00772739		8.09403		1.00259
 6216		0.983564		0.00443286		8.06676		1.00258
 6217		0.985251		0.0072885		8.08779		1.00259
 6219		0.983201		0.00417779		8.05165		1.00258
 6220		0.982973		0.0044499		8.0528		1.00258
 6221		0.988492		0.00519456		17.0334		1.00545
 6222		0.983449		0.00477223		15.986		1.00512
 6223		0.981148		0.00512346		17.0986		1.00547
 6224		0.979999		0.00533253		17.0998		1.00547
 6225		0.985744		0.00713943		17.1297		1.00548
 6237		0.986159		0.00789131		55.6783		1.01782
 6240		0.986251		0.00582014		55.2681		1.01769
 6241		0.987915		0.00628153		55.3448		1.01771
 6242		0.997794		0.0049294		40.4436		1.01294
 6243		0.997194		0.00755603		40.2501		1.01288
 6244		0.997339		0.00794902		40.5204		1.01297
 6245		0.982062		0.00607454		59.6084		1.01907
 6246		0.984144		0.0100113		59.3813		1.019
 6247		0.978882		0.00796273		57.6753		1.01846
 6248		0.972989		0.0099762		55.8469		1.01787
 6249		0.968441		0.00846599		54.8939		1.01757
 6250		0.972797		0.00812604		55.2138		1.01767
 6251		0.996617		0.00616249		40.3271		1.0129
 6252		0.996285		0.00666811		40.3978		1.01293
 6253		0.978561		0.00645767		58.9434		1.01886
 6254		0.981133		0.00685935		59.8493		1.01915
 6255		0.984173		0.00580943		57.5071		1.0184
 6256		0.980606		0.00738349		60.5847		1.01939
 6257		0.972599		0.00475011		57.5879		1.01843
 6258		0.984347		0.00931522		60.9812		1.01951
 6259		0.9702			0.00504934		55.5023		1.01776
 6260		0.978689		0.0100206		59.955		1.01919
 6261		0.994974		0.00500796		40.6181		1.013
 6262		0.995178		0.00550527		40.3289		1.01291
 6263		0.975367		0.00733554		29.8401		1.00955
 6264		0.976959		0.00849376		30.4239		1.00974
 6265		0.979633		0.00791285		30.2897		1.00969
 6266		0.980186		0.0047978		29.857		1.00955
 6267		0.981759		0.00663864		25.095		1.00803
 6270		0.979319		0.00501334		16.2101		1.00519
 6271		0.980537		0.00446533		16.2007		1.00518
 6272		0.980781		0.00434338		16.0762		1.00514
 6273		0.977946		0.0064876		16.2164		1.00519
 6274		0.992133		0.00916825		40.7792		1.01305
 6275		0.992633		0.00713214		40.1999		1.01286
 6276		0.993623		0.00749541		39.607		1.01267
 6281		0.981733		0.00524769		34.9617		1.01119
 6282		0.984468		0.00489036		34.9756		1.01119
 6284		0.978224		0.00483604		34.97		1.01119
 6285		0.994667		0.0102146		58.8769		1.01884
 6286		0.991995		0.00536729		69.5647		1.02226
 6287		0.98993			0.00703907		69.6095		1.02228
 6288		0.998487		0.00490567		40.4897		1.01296
 6289		0.998325		0.00469059		40.4005		1.01293
 6290		0.986774		0.00638734		70.1165		1.02244
 6291		0.988913		0.00685595		69.7069		1.02231
 6292		0.974811		0.0060805		68.2382		1.02184
 6293		0.978189		0.00893815		69.3067		1.02218
 6294		0.998096		0.00795229		40.6493		1.01301
 6295		0.997795		0.00566583		40.5778		1.01298
 6296		0.997217		0.00592857		40.5477		1.01298
 6297		0.990773		0.00531152		54.6046		1.01747
 6298		0.989341		0.00862268		57.639		1.01844
 6299		0.991453		0.00588062		58.2261		1.01863
 6300		0.983418		0.00666858		60.6955		1.01942
 6301		0.984044		0.00553339		69.7353		1.02232
 6302		0.981079		0.00566487		68.8331		1.02203
 6304		0.996893		0.00573877		40.2963		1.01289
 6305		0.996494		0.00502288		40.5416		1.01297
 6306		0.978445		0.0110066		50.3723		1.01612
 6307		0.979577		0.00537042		50.2092		1.01607
 6308		0.97672			0.00640213		50.3976		1.01613
 6309		0.978169		0.00828077		68.4469		1.0219
 6310		0.980121		0.0145527		71.9266		1.02302
 6311		0.997964		0.0103417		40.8761		1.01308
 6312		0.997471		0.00792029		40.4681		1.01295
 6313		0.987117		0.00885827		70.513		1.02256
 6314		0.987311		0.00899124		70.6328		1.0226
 6315		0.981043		0.00878575		70.5024		1.02256
 6316		0.981917		0.00877569		71.4701		1.02287
 6317		0.996905		0.00689292		40.7203		1.01303
 6318		0.996447		0.00659219		40.5887		1.01299
 6322		0.979874		0.00771887		45.6199		1.0146
 6323		0.981848		0.00902486		45.8387		1.01467
 6325		0.980123		0.00591344		20.2763		1.00649
 6326		0.980892		0.00673943		20.3321		1.00651
 6327		0.983362		0.00647971		20.1627		1.00645
 6328		0.994541		0.00772336		40.2454		1.01288
 6329		0.994187		0.0062672		40.4315		1.01294
 6331		0.979475		0.00501476		43.3284		1.01387
 6332		0.978851		0.00692772		43.329		1.01387
 6334		0.984149		0.00534283		21.2722		1.00681
 6335		0.98188			0.00556356		21.2627		1.0068
 6336		0.983121		0.00531765		21.2965		1.00681
 6337		0.982675		0.00597379		21.3503		1.00683
 6338		0.982417		0.00566119		21.3863		1.00684
 6339		0.9901			0.0107874		11.172		1.00358
 6340		0.979855		0.00541508		11.0672		1.00354
 6341		0.983153		0.00475173		11.1497		1.00357
 6342		0.983238		0.00442912		11.1855		1.00358
 6343		0.984584		0.00487315		11.21		1.00359
 6344		0.982912		0.00892871		11.2415		1.0036
 6345		0.990787		0.00516062		40.5242		1.01297
 6346		0.990495		0.0108826		40.3379		1.01291
 6347		0.981031		0.0083056		11.2172		1.00359
 6348		0.981659		0.00571542		24.3067		1.00778
 6349		0.983638		0.00537625		24.1282		1.00772
 6350		0.981927		0.00558363		24.2046		1.00775
 6351		0.983259		0.00713156		24.331		1.00779
 6352		0.995172		0.00752787		40.4741		1.01295
 6353		0.996137		0.00689602		39.8174		1.01274
 6354		0.995203		0.00508185		40.3398		1.01291
 6355		0.978239		0.00610483		55.6146		1.0178
 6356		0.977147		0.00526046		60.136		1.01924
 6357		0.979534		0.00573632		60.4606		1.01935
 6358		0.975091		0.00758399		59.628		1.01908
 6359		0.989189		0.00649375		68.8791		1.02204
 6360		0.987728		0.00756127		66.9552		1.02143
 6363		0.998809		0.00750333		40.6303		1.013
 6364		0.998543		0.00693808		40.2779		1.01289
 6365		0.968602		0.0053285		40.0492		1.01282
 6367		0.988218		0.00777354		69.4215		1.02221
 6368		0.986866		0.00849683		70.6559		1.02261
 6370		0.983427		0.0087863		69.0083		1.02208
 6371		0.998579		0.00682391		40.4974		1.01296
 6372		0.997846		0.00615177		40.2271		1.01287
 6373		0.997663		0.00525536		39.9821		1.01279
 6373		0.997663		0.00525536		39.9821		1.01279
 6374		0.995771		0.00827943		39.2824		1.01257
 6375		0.981896		0.00669991		59.4556		1.01903
 6376		0.97863			0.00541753		59.7793		1.01913
 6377		0.983066		0.00742006		60.7413		1.01944
 6378		0.982843		0.00517712		27.066		1.00866
 6379		0.979204		0.00521693		26.9867		1.00864
 6380		0.982495		0.00522791		27.2004		1.0087
 6381		0.989328		0.00912264		27.2637		1.00872
 6382		0.996492		0.00648787		39.8401		1.01275
 6383		0.996045		0.00523256		39.6248		1.01268
 6385		0.997843		0.00698361		40.3898		1.01292
 6386		0.996936		0.0115071		40.5586		1.01298
 6387		0.980717		0.00657158		68.8472		1.02203
 6388		0.975947		0.00686149		65.0125		1.0208
 6389		0.997942		0.0071285		39.9121		1.01277
 6390		0.997529		0.00760636		40.2638		1.01288
 6391		0.995978		0.00948811		38.9755		1.01247
 6393		0.985865		0.0125591		52.4764		1.01679
 6394		0.97636			0.00907924		51.5422		1.01649
 6395		0.98032			0.00820986		52.4446		1.01678
 6396		0.979757		0.0157453		52.8197		1.0169
 6397		0.981733		0.0107471		65.6176		1.021
 6398		0.985553		0.00772261		67.0067		1.02144
 6399		0.978519		0.00984384		23.8472		1.00763
 6400		0.992617		0.00670068		25.4238		1.00814
 6401		0.994171		0.00754356		24.742		1.00792
 6402		0.979379		0.00533119		24.5642		1.00786
 6403		0.981159		0.00578392		24.8825		1.00796
 6404		0.982876		0.00662026		25.0035		1.008
 6405		0.995819		0.00741448		40.345		1.01291
 6406		0.995188		0.00814374		40.1467		1.01285
 6407		0.990962		0.00811022		40.8073		1.01306
 6408		0.992703		0.0070605		40.3223		1.0129
 6410		0.982668		0.0108896		12.0962		1.00387
 6411		0.98427			0.00516357		12.0674		1.00386
 6412		0.983939		0.00588998		12.1194		1.00388
 6413		0.98431			0.00475429		12.9866		1.00416
 6415		0.98423			0.00447564		13.0776		1.00418
 6416		0.985126		0.00558347		13.0944		1.00419
 6417		0.98185			0.00626504		13.0516		1.00418
 6419		0.967446		0.00581571		63.1576		1.02021
 6421		0.977896		0.00782265		70.4485		1.02254
 6422		0.979679		0.00894411		68.8635		1.02204
 6423		0.996862		0.0101787		39.4275		1.01262
 6425		0.997037		0.00784197		38.8244		1.01242
 6426		0.9976			0.0107564		39.5919		1.01267
 6427		0.995617		0.00849435		40.636		1.013
 6428		0.995698		0.00753175		38.0287		1.01217
 6429		0.977639		0.00906673		40.5572		1.01298
 6430		0.978547		0.00692946		40.3339		1.01291
 6431		0.976853		0.0100466		40.2534		1.01288
 6432		0.980872		0.00665282		30.1032		1.00963
 6433		0.98838			0.00556884		20.197		1.00646
 6434		0.980513		0.00523421		20.0689		1.00642
 6435		0.981376		0.00522518		18.1457		1.00581
 6436		0.983167		0.00642091		18.2383		1.00584
 6439		0.994493		0.00724537		39.9157		1.01277
 6440		0.993445		0.00830068		40.4754		1.01295
 6441		0.990118		0.00889207		40.7386		1.01304
 6442		0.988661		0.00761605		40.7575		1.01304
 6443		0.984325		0.00521115		9.47859		1.00303
 6444		0.984753		0.00525343		9.62074		1.00308
 6445		0.984667		0.00521053		9.56016		1.00306
 6446		0.983778		0.00549983		9.58792		1.00307
 6447		0.980497		0.00527184		9.58993		1.00307
 6448		0.983283		0.00507343		9.55385		1.00306
 6451		0.981311		0.00763288		54.6139		1.01748
 6452		0.982483		0.00797878		58.9605		1.01887
 6453		0.982952		0.00783853		60.763		1.01944
 6454		0.997621		0.00501531		40.7957		1.01305
 6455		0.997014		0.0103818		39.0207		1.01249
 6456		0.995309		0.00593785		38.7774		1.01241
 6459		0.979278		0.00633067		64.4368		1.02062
 6460		0.987815		0.0161199		64.182		1.02054
 6461		0.972721		0.00588985		52.3536		1.01675
 6462		0.981807		0.00629765		48.2959		1.01545
 6463		0.986267		0.0151174		35.2378		1.01128
 6464		0.986378		0.00598206		35.7098		1.01143
 6465		0.977152		0.00542207		37.5423		1.01201
 6466		0.977955		0.00588446		37.5357		1.01201
 6467		0.978485		0.007024		37.8457		1.01211
 6468		0.996828		0.00773519		40.4104		1.01293
 6469		0.996839		0.014058		40.7698		1.01305
 6470		0.995753		0.00741141		40.8469		1.01307
 6471		0.994355		0.00791325		40.6449		1.01301
 6472		0.99435			0.00699256		40.6709		1.01301
 6473		0.981153		0.00688719		19.3231		1.00618
 6474		0.979375		0.0151493		18.6889		1.00598
 6475		0.983227		0.00581027		19.2436		1.00616
 6476		0.982246		0.00616659		19.3076		1.00618
 6477		0.981877		0.00604009		19.0487		1.0061
 6478		0.980735		0.00608213		19.3102		1.00618
 6479		0.981524		0.00646404		19.2816		1.00617
 6486		0.987054		0.00666957		59.2612		1.01896
 6487		0.998651		0.00823024		40.479		1.01295
 6488		0.985743		0.00754592		40.1466		1.01285
 6489		0.985373		0.00816826		60.8968		1.01949
 6490		0.978936		0.00736171		42.0891		1.01347
 6491		0.983212		0.0154669		42.7534		1.01368
 6493		0.980028		0.00738282		41.9829		1.01343
 6494		0.995883		0.00762268		39.054		1.0125
 6495		0.994802		0.00731735		39.8226		1.01274
 6496		0.982585		0.00926464		20.2468		1.00648
 6497		0.982374		0.00561934		20.1597		1.00645
 6498		0.983516		0.00626985		20.3512		1.00651
 6499		0.983618		0.00716274		20.0209		1.00641
 6500		0.984779		0.0106326		57.9347		1.01854
 6501		0.981667		0.00921394		63.9768		1.02047
 6502		0.997489		0.00688525		40.2221		1.01287
 6503		0.996192		0.00889208		39.9257		1.01278
 6504		0.995634		0.0137476		40.8786		1.01308
 6506		0.981171		0.0115355		34.7002		1.0111
 6507		0.977568		0.00574599		35.219		1.01127
 6509		0.985039		0.00568995		18.275		1.00585
 6510		0.985552		0.00728956		18.1099		1.0058
 6512		0.993947		0.00780267		38.2613		1.01224
 6513		0.992346		0.00784171		34.3621		1.011
 6514		0.972532		0.00532687		9.77427		1.00313
 6515		0.981646		0.00527663		10.0041		1.0032
 6516		0.986524		0.00765632		10.157		1.00325
 6517		0.981973		0.00536016		9.99592		1.0032
 6518		0.972077		0.014072		55.4265		1.01774
 6519		0.974168		0.00691963		65.7719		1.02105
 6520		0.978963		0.00834571		63.2113		1.02023
 6521		0.997083		0.0059992		39.9377		1.01278
 6522		0.997307		0.00653607		40.2159		1.01287
 6523		0.997519		0.00583717		39.8059		1.01274
 6524		0.981282		0.00600663		65.0395		1.02081
 6525		0.979388		0.00603821		62.7343		1.02007
 6526		0.979361		0.00728856		64.519		1.02065
 6527		0.974145		0.0082401		60.7088		1.01943
 6528		0.973471		0.00545145		60.2737		1.01929
 6529		0.97406			0.00647603		60.3766		1.01932
 6531		0.997006		0.0054949		40.4446		1.01294
 6532		0.997078		0.0071236		40.3814		1.01292
 6533		0.994372		0.00745989		39.9045		1.01277
 6534		0.994354		0.00879829		40.3392		1.01291
 6535		0.979862		0.00533815		35.46		1.01135
 6536		0.974963		0.00558923		35.1427		1.01125
 6537		0.975342		0.00800042		45.4613		1.01455
 6538		0.996583		0.0102603		40.2332		1.01287
 6539		0.994219		0.0105203		40.7278		1.01303
 6541		0.979742		0.00644042		25.559		1.00818
 6542		0.966285		0.00546867		12.833		1.00411
 6543		0.984672		0.00495263		13.1121		1.0042
 6544		0.98699			0.00765192		33.7319		1.01079
 6545		0.973348		0.00695522		63.6386		1.02036
 6546		0.997267		0.00837382		39.3684		1.0126
 6547		0.995878		0.0078735		38.9045		1.01245
 6548		0.980775		0.00828773		44.6184		1.01428
 6549		0.970497		0.00770326		43.6373		1.01396
 6550		0.980247		0.00583957		24.242		1.00776
 6551		0.980362		0.00608185		24.5811		1.00787
 6552		0.995427		0.00732776		40.0508		1.01282
 7593		0.994265		0.00615614		49.8889		1.01596
 7594		0.992223		0.00512482		50.1767		1.01606
 7595		0.99146			0.00589995		47.854		1.01531
 7596		0.992618		0.00755985		48.5862		1.01555
 7597		0.990874		0.00553929		44.1844		1.01414
 7599		0.999508		0.0190866		40.7034		1.01303
 7600		0.998375		0.00821468		40.5961		1.01299
 7601		0.999249		0.0083595		39.9315		1.01278
 7602		0.998702		0.00537813		40.3876		1.01292
 7603		0.999043		0.00510476		38.4626		1.01231
 7604		0.997964		0.00859135		40.818		1.01306
 7605		0.998059		0.00533236		40.7479		1.01304
 7606		0.998787		0.00553687		40.3827		1.01292
 7607		0.99865			0.00861972		40.7048		1.01303
 7608		0.988913		0.00524887		49.1528		1.01573
 7609		0.990227		0.00523501		51.0477		1.01634
 7610		0.986024		0.00593939		49.9261		1.01598
 7611		0.982837		0.00529569		49.8344		1.01595
 7612		0.978672		0.00528006		45.9951		1.01472
 7613		0.983596		0.00528271		50.5919		1.01619
 7614		0.983545		0.00524712		50.2717		1.01609
 7615		0.983811		0.00501355		51.1855		1.01638
 7616		0.981589		0.00925505		50.6759		1.01622
 7617		0.997799		0.00529708		40.5916		1.01299
 7618		0.997416		0.00510143		40.9506		1.0131
 7619		0.997828		0.00619422		41.018		1.01313
 7620		0.997286		0.00706558		40.1313		1.01284
 7621		0.997176		0.00846422		40.4799		1.01295
 7622		0.996183		0.00510215		40.3038		1.0129
 7623		0.99674			0.00530488		40.9564		1.01311
 7625		0.981471		0.00533613		33.0455		1.01057
 7626		0.979876		0.00499178		32.6533		1.01045
 7627		0.981197		0.00589947		32.7926		1.01049
 7628		0.980909		0.00524697		32.7272		1.01047
 7629		0.982033		0.00525641		32.6067		1.01043
 7630		0.979276		0.00519695		32.736		1.01048
 7631		0.980407		0.00518843		32.8023		1.0105
 7632		0.978928		0.00523568		32.5004		1.0104
 7633		0.981977		0.00524088		32.8904		1.01052
 7634		0.979731		0.00516954		32.8896		1.01052
 7635		0.992733		0.00528694		25.4024		1.00813
 7636		0.994263		0.00528014		25.4445		1.00814
 7637		0.994407		0.00913238		25.4149		1.00813
 7638		0.998192		0.00608411		40.6078		1.01299
 7639		0.997873		0.010355		39.4924		1.01264
 7640		0.997329		0.00784583		40.5186		1.01297
 7641		0.99711			0.0055784		40.0469		1.01282
 7642		0.991244		0.00521283		21.7623		1.00696
 7643		0.992203		0.00553943		22.0218		1.00705
 7644		0.992347		0.0050869		21.9454		1.00702
 7645		0.991773		0.00725705		21.6797		1.00694
 7646		0.984282		0.00524943		19.972		1.00639
 7647		0.98679			0.00526084		19.6376		1.00628
 7648		0.987375		0.00522979		19.8494		1.00635
 7649		0.986351		0.00527857		19.7948		1.00633
 7650		0.986668		0.00523161		19.9267		1.00638
 7651		0.98452			0.00521954		22.6492		1.00725
 7652		0.98345			0.0052755		23.8055		1.00762
 7654		0.995437		0.00528859		39.7755		1.01273
 7655		0.995288		0.0055604		39.6264		1.01268
 7657		0.991752		0.00528784		39.3942		1.01261
 7658		0.990972		0.00519364		38.6906		1.01238
 7659		0.994584		0.00927272		39.4656		1.01263
 7660		0.991111		0.0081481		40.7694		1.01305
 7661		0.982111		0.00521773		13.6225		1.00436
 7662		0.983926		0.00523578		13.5386		1.00433
 7663		0.98363			0.00518311		13.5813		1.00435
 7666		0.987157		0.00719263		13.5013		1.00432
 7667		0.984625		0.00637475		13.5242		1.00433
 7668		0.985644		0.00525057		13.1058		1.00419
 7669		0.984287		0.0050683		13.1371		1.0042
 7670		0.984615		0.00525708		13.1427		1.00421
 7671		0.978985		0.00522297		50.5658		1.01618
 7672		0.976499		0.00521729		51.0064		1.01632
 7673		0.996402		0.005325		37.5673		1.01202
 7674		0.99709			0.00743108		39.9777		1.01279
 7675		0.994732		0.00570715		40.246		1.01288
 7676		0.99511			0.00526698		40.0916		1.01283
 7677		0.995758		0.00820189		40.9323		1.0131
 7678		0.994532		0.0138131		21.3876		1.00684
 7679		0.978743		0.00520901		35.4183		1.01133
 7680		0.980717		0.00526259		31.6512		1.01013
 7681		0.97731			0.00523686		30.7421		1.00984
 7682		0.978927		0.00517915		31.391		1.01005
 7684		0.977856		0.00519706		17.1749		1.0055
 7685		0.981025		0.00522484		16.9269		1.00542
 7686		0.979841		0.00521667		16.8819		1.0054
 7687		0.981829		0.00514919		16.933		1.00542
 7688		0.976623		0.00525318		16.8927		1.00541
 7689		0.979406		0.00471773		16.9691		1.00543
 7690		0.984642		0.00688134		17.0688		1.00546
 7692		0.982529		0.00729766		16.9548		1.00543
 7694		0.993104		0.00452007		40.1754		1.01286
 7695		0.993795		0.0051796		40.4498		1.01294
 7697		0.99547			0.00749441		40.9983		1.01312
 7698		0.995987		0.00719419		40.6433		1.01301
 7699		0.979979		0.00518333		30.6443		1.00981
 7702		0.979695		0.00531907		30.7286		1.00983
 7703		0.979753		0.0138302		30.8637		1.00988
 7706		0.981161		0.0052224		17.3454		1.00555
 7707		0.976213		0.00527113		16.9774		1.00543
 7708		0.981504		0.00527848		17.3485		1.00555
 7709		0.980235		0.00520323		17.1895		1.0055
 7710		0.981542		0.00735205		17.2515		1.00552
 7711		0.991001		0.00526687		38.6659		1.01237
 7712		0.989357		0.0071583		39.5651		1.01266
 7713		0.994728		0.00608814		39.9215		1.01277
 7714		0.98732			0.00956231		38.6769		1.01238
 7715		0.987108		0.00611769		40.1461		1.01285
 7716		0.983929		0.00494128		8.88727		1.00284
 7717		0.984059		0.00504159		8.84534		1.00283
 7718		0.984269		0.00465344		8.81706		1.00282
 7719		0.984309		0.00515463		8.82538		1.00282
 7720		0.98442			0.00520243		8.85294		1.00283
 7721		0.98214			0.00492147		9.00579		1.00288
 7722		0.98414			0.00513279		9.06986		1.0029
 7723		0.993868		0.00673668		50.9766		1.01631
 7724		0.993299		0.00643384		51.0361		1.01633
 7725		0.99854			0.00862934		40.7829		1.01305
 7727		0.998124		0.0052096		40.6835		1.01302
 7728		0.998101		0.00601221		39.2976		1.01258
 7729		0.992065		0.0114887		43.2712		1.01385
 7730		0.991536		0.00528335		49.3623		1.0158
 7733		0.990082		0.00580618		41.0758		1.01314
 7735		0.98527			0.00519617		48.3922		1.01549
 7736		0.989026		0.00523608		50.6051		1.01619
 7737		0.983351		0.00510479		49.4495		1.01582
 7738		0.983732		0.0052249		50.6945		1.01622
 7738		0.983732		0.0052249		50.6945		1.01622
 7739		0.97326			0.0149825		46.7683		1.01497
 7740		0.984149		0.00483065		50.0744		1.01602
 7741		0.989925		0.00516268		48.1554		1.01541
 7742		0.99061			0.0102098		47.5889		1.01523
 7743		0.990118		0.00586296		50.5059		1.01616
 7747		0.998255		0.0050505		38.9945		1.01248
 7748		0.997165		0.0049551		39.5148		1.01264
 7749		0.997969		0.00820608		40.0716		1.01282
 7750		0.99733			0.00839238		39.2018		1.01254
 7751		0.997091		0.00514268		39.9293		1.01278
 7752		0.996554		0.00479026		39.7407		1.01272
 7753		0.984326		0.0100845		49.725		1.01591
 7754		0.986136		0.00517844		50.3834		1.01612
 7755		0.987822		0.00684908		49.4568		1.01583
 7757		0.980692		0.0049809		37.4492		1.01198
 7758		0.981702		0.0043865		37.3057		1.01194
 7759		0.979579		0.00510699		37.4267		1.01198
 7760		0.991818		0.00642367		50.082		1.01603
 7762		0.998397		0.00816822		40.1491		1.01285
 7763		0.995583		0.00618695		50.1672		1.01605
 7765		0.995561		0.00557048		20.2181		1.00647
 7766		0.995612		0.00578726		19.948		1.00638
 7768		0.99441			0.00512113		17.6823		1.00566
 7769		0.994531		0.00560696		17.5819		1.00563
 7770		0.993529		0.00720549		17.5861		1.00563
 7771		0.992012		0.00666315		17.3196		1.00554
 7772		0.998249		0.00534667		37.0523		1.01186
 7773		0.99665			0.00551441		38.9324		1.01246
 7774		0.996109		0.00597719		37.8509		1.01211
 7775		0.987111		0.00521649		22.9409		1.00734
 7776		0.986605		0.00524287		22.686		1.00726
 7777		0.986816		0.00511295		22.8766		1.00732
 7778		0.994249		0.00520128		19.7361		1.00632
 7779		0.993528		0.00518829		19.9264		1.00638
 7781		0.989573		0.00524211		18.938		1.00606
 7782		0.989887		0.00492945		18.978		1.00607
 7783		0.982548		0.00523697		16.9033		1.00541
 7784		0.982486		0.00518636		16.9779		1.00543
 7785		0.982787		0.00513482		16.9778		1.00543
 7786		0.981804		0.00510779		17.0126		1.00544
 7787		0.979028		0.00619152		16.9571		1.00543
 7790		0.994988		0.00550452		39.8426		1.01275
 7791		0.996985		0.00886239		38.1292		1.0122
 7792		0.992648		0.00703652		39.9659		1.01279
 7793		0.997267		0.00607253		39.5995		1.01267
 7794		0.997898		0.00619149		39.9755		1.01279
 7796		0.985585		0.00551957		49.2722		1.01577
 7797		0.984135		0.00536929		49.3455		1.01579
 7798		0.98252			0.00511329		50.5846		1.01619
 7799		0.979675		0.00560599		50.6972		1.01622
 7800		0.989618		0.00537237		25.124		1.00804
 7801		0.997446		0.00545016		39.8238		1.01274
 7802		0.997405		0.00634143		39.6798		1.0127
 7803		0.994004		0.00623853		39.9162		1.01277
 7804		0.993959		0.0056145		38.583		1.01235
 7805		0.978703		0.00528428		30.1799		1.00966
 7806		0.97952			0.00476881		30.1895		1.00966
 7807		0.981278		0.00629602		29.7174		1.00951
 7808		0.987253		0.00534927		27.1987		1.0087
 7809		0.98906			0.00566281		27.0584		1.00866
 7811		0.997315		0.00592378		40.4331		1.01294
 7812		0.995935		0.00560178		40.5303		1.01297
 7813		0.983765		0.0052477		24.9918		1.008
 7814		0.983945		0.0046749		25.2271		1.00807
 7815		0.981155		0.00520321		14.699		1.0047
 7816		0.981864		0.00465791		14.6699		1.00469
 7817		0.982449		0.00464047		14.6906		1.0047
 7819		0.993175		0.00787532		40.503		1.01296
 7820		0.99135			0.00597061		40.6156		1.013
