6018		452.94		30.144		44.267		107.1		110.77		1.6088		4741		68.855
6019		451.7		30.055		50.348		110.63		114.2		1.5301		5570		74.632
6020		451.78		30.055		36.526		216.5		223.49		2.5132		7908		88.927
6021		453.59		30.172		64.657		213.54		220.58		1.8772		13807		117.5
6022		88.975		40.092		67.102		38.449		39.167		0.7711		2580		50.794
6023		349.45		41.348		60.221		143.74		148.29		1.5939		8656		93.038
6024		415.42		47.274		36.683		136.63		142.7		2.0157		5012		70.795
6025		383.78		44.528		47.394		137.17		142.55		1.768		6501		80.629
6026		85.769		38.625		76.281		39.407		40.083		0.73107		3006		54.827
6027		151.99		39.243		98.182		35.383		36.083		0.61219		3474		58.941
6028		152.65		39.422		39.786		35.59		36.287		0.96431		1416		37.63
6029		463.2		17.448		3.7668		198.58		203.47		7.4398		748		27.35
6030		410.07		15.338		36.166		204.53		209.35		2.4342		7397		86.006
6031		424.26		15.884		26.625		204.88		209.54		2.8371		5455		73.858
6032		430.61		16.131		26.379		202.59		207.25		2.8351		5344		73.103
6033		478.32		35.056		49.155		119.54		123.87		1.6159		5876		76.655
6034		431.83		31.575		48.452		121.65		125.45		1.6341		5894		76.772
6035		458.64		33.639		46.136		119.43		123.26		1.6605		5510		74.229
6036		473.17		34.679		31.655		122.22		126.41		2.0322		3869		62.201
6038		423.31		18.044		58.256		120.3		123.44		1.4745		7008		83.714
6039		425.75		18.151		55.108		120.87		124.02		1.5195		6661		81.615
6040		426.34		18.177		50.876		124.3		127.57		1.6041		6324		79.524
6041		427.21		18.215		35.016		120.66		123.47		1.8996		4225		65
6042		425.71		18.149		42.597		120.62		123.14		1.7179		5138		71.68
6043		471.36		10.08		21.414		189.41		193.46		3.0376		4056		63.687
6044		472.78		10.111		30.848		195.25		199.41		2.5695		6023		77.608
6045		472.28		10.101		8.7942		192.97		197.02		4.7825		1697		41.195
6046		269.53		40.296		94.108		33.206		33.971		0.6077		3125		55.902
6049		484.21		6.0584		3.3048		200.92		205.19		7.9628		664		25.768
6050		483.39		6.0493		12.565		182.97		186.79		3.8957		2299		47.948
6051		484.28		6.059		9.7713		169.37		172.61		4.2431		1655		40.682
6052		483.52		6.049		18.624		189.05		192.89		3.2507		3521		59.338
6053		483.87		6.0527		8.8333		174.79		178.29		4.5374		1544		39.294
6054		559.16		7.072		57.076		175.1		179.24		1.793		9994		99.97
6055		560.84		7.0936		11.781		174.35		178.4		3.9364		2054		45.321
6056		462.76		40.283		109.35		26.237		27.027		0.50458		2869		53.563
6057		463.82		40.38		109.88		25.064		25.82		0.49201		2754		52.479
6058		467.07		40.669		83.649		26.169		26.936		0.57571		2189		46.787
6059		482.04		12.154		43.829		110.57		113		1.6232		4846		69.613
6060		482.89		12.175		45.472		112.14		114.73		1.6067		5099		71.407
6061		537.9		13.661		47.398		106.57		109.29		1.5378		5051		71.07
6062		536.9		13.636		14.76		107.11		109.62		2.7568		1581		39.762
6063		538.57		13.677		51.136		107.03		109.6		1.4814		5473		73.98
6064		537.87		13.656		46.787		107.98		110.73		1.5579		5052		71.077
6065		277.68		47.44		171.91		54.937		57.113		0.5877		9444		97.18
6066		301.44		49.569		97.504		54.059		56.615		0.7798		5271		72.602
6067		65.757		40.258		108.53		20.233		20.585		0.43927		2196		46.861
6068		486.16		45.08		47.662		97.667		101.86		1.4929		4655		68.228
6070		487.86		45.361		45.969		101.59		106		1.5511		4670		68.337
6071		490.12		45.519		35.885		98.817		102.89		1.7278		3546		59.548
6073		478.46		28.134		107.32		98.015		100.88		0.98364		10519		102.56
6080		99.655		40.397		123.55		21.118		21.528		0.42146		2609		51.078
6081		477.76		28.097		12.39		102.5		105.85		2.9701		1270		35.637
6082		439.54		47.248		125.75		45.829		48.172		0.63455		5763		75.914
6083		442.81		48.122		147.3		48.377		50.723		0.60087		7126		84.416
6084		480.29		36.315		121.35		47.836		49.574		0.65065		5805		76.191
6085		479.75		36.197		43.575		44.383		46.042		1.047		1934		43.977
6086		480.78		36.134		106.3		46.208		48.048		0.68557		4912		70.086
6087		157.69		39.306		149.22		20.065		20.47		0.3741		2994		54.717
6088		475.51		16.345		36.121		103.21		105.91		1.7346		3728		61.057
6089		480.76		16.53		37.321		104.55		107.27		1.7173		3902		62.466
6090		478.99		16.464		36.034		106.68		109.25		1.7621		3844		62
6091		484.66		9.6328		31.473		102.12		104.23		1.8386		3214		56.692
6093		477.47		9.4811		28.822		102.25		104.59		1.9267		2947		54.286
6094		467.36		9.2791		3.6678		102.24		103.89		5.3649		375		19.365
6095		478.68		9.5133		3.4262		80.264		81.502		4.9147		275		16.583
6096		483.55		9.6109		22.067		99.426		101.66		2.1704		2194		46.84
6097		261.61		37.415		17.507		16.793		17.122		0.99858		294		17.146
6098		273.64		39.237		107.86		18.821		19.282		0.42797		2030		45.056
6099		434.39		20.06		52.247		52.443		53.683		1.0256		2740		52.345
6101		409.69		18.816		40.604		52.31		53.518		1.1612		2124		46.087
6102		442.11		20.363		68.916		50.816		52.039		0.87937		3502		59.178
6103		439.36		20.276		29.606		50.733		52.017		1.3422		1502		38.756
6104		57.954		31.253		58.834		90.016		91.602		1.2587		5296		72.774
6105		50.891		28.297		58.831		90.53		91.926		1.2596		5326		72.979
6106		45.692		25.533		33.823		89.199		90.398		1.6458		3017		54.927
6109		18.62		29.498		52.022		24.567		24.834		0.69467		1278		35.749
6110		19.065		30.253		48.665		26.344		26.648		0.74427		1282		35.805
6111		120.3		29.071		28.007		174.57		177.39		2.537		4889		69.921
6112		125.52		30.36		34.684		174.4		177.49		2.2821		6049		77.775
6114		119.78		28.966		11.525		179.34		181.74		3.9974		2067		45.464
6115		237.99		31.478		53.02		146.3		149.32		1.6954		7757		88.074
6116		234.37		30.953		34.798		151.36		154.67		2.1312		5267		72.574
6117		123.63		36.55		61.55		79.577		81.558		1.1653		4898		69.986
6118		140.18		39.894		77.198		78.227		79.998		1.0294		6039		77.711
6119		44.648		40.454		56.095		24.53		24.918		0.67175		1376		37.094
6120		44.233		40.068		37.873		24.74		25.177		0.82249		937		30.61
6121		132.87		36.626		27.956		80.126		81.8		1.7283		2240		47.329
6122		347.07		44.549		95.828		57.165		59.711		0.80676		5478		74.014
6123		365.17		49.71		133.87		59.656		61.823		0.69181		7986		89.364
6124		473.33		33.78		79.879		113.17		116.53		1.2257		9040		95.079
6125		481.34		34.329		73.749		114.61		118.18		1.2855		8452		91.935
6126		312.63		45.227		32.975		61.41		63.226		1.405		2025		45
6127		80.496		40.476		35.728		25.443		25.88		0.85839		909		30.15
6128		79.212		39.826		80.889		24.428		24.847		0.55897		1976		44.452
6129		134.12		37.296		18.688		18.622		18.925		1.0145		348		18.655
6130		144.12		40.122		22.304		18.651		18.948		0.92902		416		20.396
6132		117.38		32.552		43.334		20.723		21.052		0.70253		898		29.967
6133		44.366		12.064		8.0948		17.171		17.272		1.465		139		11.79
6135		58.189		15.926		17.773		23.743		23.977		1.1672		422		20.543
6136		477.4		18.119		44.34		97.092		99.508		1.5166		4305		65.612
6137		471.16		17.878		44.67		91		93.342		1.464		4065		63.757
6138		474.05		17.992		39.987		93.531		95.546		1.5623		3740		61.156
6139		447.82		40.09		98.443		42.278		43.554		0.67511		4162		64.514
6140		468.43		41.998		86.5		41.329		42.738		0.71479		3575		59.791
6141		473.54		42.431		95.294		43.077		44.616		0.69636		4105		64.07
6142		205.14		48.584		20.937		189.18		193.37		3.0724		3961		62.936
6144		206.53		47.658		84.892		192.64		197.93		1.5477		16354		127.88
6145		418.55		51.057		40.835		280.15		290.47		2.7158		11440		106.96
6146		378.58		46.071		8.1247		280.75		288.12		6.0327		2281		47.76
6154		191.54		22.479		37.186		360.81		368.18		3.1786		13417		115.83
6155		28.482		19.922		2.2627		44.638		44.982		4.4759		101		10.05
6163		328.9		72.178		48.221		217.87		227.61		2.2206		10506		102.5
6168		54.57		38.58		60.177		50.252		51.085		0.92897		3024		54.991
6170		404.63		25.172		36.708		300.59		308.38		2.9358		11034		105.04
6171		405.67		25.236		30.187		302.85		309.59		3.238		9142		95.614
6172		105.45		39.998		40.269		45.792		46.559		1.0842		1844		42.942
6174		451.81		55.63		45.096		185.34		192.02		2.1004		8358		91.422
6175		440.72		54.253		37.374		180.18		187.72		2.2876		6734		82.061
6177		468.47		30.004		50.73		176.8		182.14		1.9232		8969		94.705
6178		466.21		29.859		55.321		177.09		182.22		1.841		9797		98.98
6179		462.54		15.147		33.333		273.58		279.44		2.9263		9119		95.493
6180		461.09		15.103		29.949		276.1		282.99		3.112		8269		90.934
6181		194.33		40.368		29.708		40.73		41.611		1.1962		1210		34.785
6182		193.14		40.138		34.673		39.944		40.732		1.0945		1385		37.216
6183		309.63		40.052		56.488		32.024		32.852		0.7724		1809		42.532
6184		342.25		40.386		23.879		36.601		37.474		1.2676		874		29.563
6185		505.63		9.1321		18.239		238.44		243.36		3.6902		4349		65.947
6186		498.77		9.0028		26.183		235.54		240.59		3.0637		6167		78.53
6187		500.94		9.0425		25.703		235.85		240.4		3.0877		6062		77.859
6188		489.85		17.175		39.453		153.96		157.58		2.0219		6074		77.936
6189		485.62		17.025		38.64		157.61		161.08		2.0641		6090		78.038
6190		491.74		17.238		37.328		151.79		156.48		2.0789		5666		75.273
6192		260.07		60.367		72.54		103.05		106.83		1.2356		7475		86.458
6193		253.65		58.879		77.436		101.45		105.3		1.188		7856		88.634
6194		384.16		45.314		52.373		157.45		163.13		1.7965		8246		90.807
6195		397.63		46.914		56.71		152.02		157.51		1.6964		8621		92.849
6196		53.64		39.857		97.947		24.769		25.2		0.51163		2426		49.254
6197		102.85		40.622		90.745		22.811		23.229		0.51056		2070		45.497
6198		492.89		30.408		52.418		137.8		142.09		1.6719		7223		84.988
6199		491.11		30.299		56.334		138.78		143.13		1.6188		7818		88.419
6200		452.46		55.218		94.271		92.467		96.307		1.0315		8717		93.365
6201		455.17		55.557		92.767		91.465		95.111		1.0325		8485		92.114
6202		478.67		30.544		89.947		89.108		91.748		1.0248		8015		89.527
6203		479.12		30.555		88.34		88.034		90.681		1.0283		7777		88.187
6204		477.11		30.432		53.357		89.098		91.59		1.3284		4754		68.949
6205		473.54		15.217		47.981		139.14		142.37		1.7425		6676		81.707
6208		476.88		15.34		14.558		142.05		144.68		3.1815		2068		45.475
6209		475.1		15.266		59.752		135.36		138.43		1.5392		8088		89.933
6210		472.49		15.181		25.359		142.95		146.53		2.4338		3625		60.208
6211		188		39.988		63.121		22.259		22.706		0.60576		1405		37.483
6212		184.47		39.235		143.34		21.962		22.433		0.39982		3148		56.107
6213		345.85		40.559		83.337		17.675		18.135		0.47252		1473		38.38
6214		347.3		40.744		70.607		18.086		18.579		0.51991		1277		35.735
6215		470.1		8.0834		9.697		128.39		130.22		3.6907		1245		35.285
6216		470.26		8.0851		38.638		130.49		133.02		1.8733		5042		71.007
6217		470.9		8.0965		11.673		123.96		126.14		3.3161		1447		38.039
6219		468.79		8.0607		40.938		128.17		130.7		1.8043		5247		72.436
6220		469.44		8.0713		35.378		127.11		129.65		1.9333		4497		67.06
6221		499.79		17.045		20.502		85.942		87.416		2.0825		1762		41.976
6222		474.21		16.15		50.996		81.242		83.032		1.29		4143		64.366
6223		502.46		17.131		58.359		80.073		82.058		1.2004		4673		68.359
6224		504.31		17.193		55.942		93.293		95.718		1.3249		5219		72.243
6225		501.66		17.103		22.072		89.66		91.455		2.0558		1979		44.486
6237		128.11		55.613		79.033		43.109		44.493		0.76226		3407		58.37
6240		127.99		55.537		143.51		43.829		45.226		0.57025		6290		79.31
6241		127.49		55.319		111.42		44.436		45.777		0.65057		4951		70.363
6242		32.324		40.35		78.125		13.146		13.345		0.41643		1027		32.047
6243		32.354		40.405		63.841		13.267		13.476		0.46304		847		29.103
6244		32.345		40.385		50.206		12.887		13.089		0.51457		647		25.436
6245		313.9		59.869		81.777		81.319		84.383		1.0348		6650		81.548
6246		310.33		59.218		38.409		80.996		83.865		1.5036		3111		55.776
6247		301.91		57.56		66.241		80.615		83.875		1.1478		5340		73.075
6248		503.32		55.778		52.838		75.136		78.602		1.2475		3970		63.008
6249		502.01		55.624		67.785		73.542		77.272		1.0944		4985		70.605
6250		498.69		55.264		77.01		75.783		79.278		1.0378		5836		76.394
6251		53.53		40.33		93.168		13.556		13.778		0.38768		1263		35.539
6252		53.183		40.085		78.262		13.876		14.108		0.42811		1086		32.955
6253		236.75		60.335		119.81		40.106		41.758		0.6024		4805		69.318
6254		236.77		60.319		113.06		40.616		42.189		0.62259		4592		67.764
6255		228.7		58.266		122.31		38.058		39.382		0.57721		4655		68.228
6256		433.52		60.77		93.892		39.13		40.678		0.6711		3674		60.614
6257		421.61		59.088		205.67		39.023		40.862		0.45611		8026		89.588
6258		415.45		58.233		42.408		37.564		38.905		0.97477		1593		39.912
6259		419.01		58.728		138.58		39.464		41.399		0.5598		5469		73.953
6260		425.64		59.633		46.966		38.453		40.044		0.94229		1806		42.497
6261		94.727		40.525		140.06		14.129		14.385		0.32336		1979		44.486
6262		94.184		40.292		110.7		13.839		14.086		0.35987		1532		39.141
6263		502.13		30.025		44.643		79.138		81.912		1.3781		3533		59.439
6264		507.91		30.375		40.588		81.108		83.83		1.4611		3292		57.376
6265		507.25		30.345		40.215		77.186		79.554		1.4279		3104		55.714
6266		499.97		29.907		79.471		77.865		80.197		1.0195		6188		78.664
6267		437.93		26.178		54.334		80.3		82.448		1.2482		4363		66.053
6270		514.3		16.199		47.171		77.993		80.053		1.3198		3679		60.655
6271		513		16.158		73.825		76.613		78.539		1.0443		5656		75.206
6272		511.9		16.121		70.314		76.998		78.91		1.0724		5414		73.58
6273		516.71		16.279		32.149		77.203		79.354		1.5928		2482		49.82
6274		172.58		40.455		44.078		12.659		12.926		0.54721		558		23.622
6275		171.11		40.117		72.113		13.992		14.277		0.44946		1009		31.765
6276		166.09		38.926		56.323		14.736		15.019		0.52132		830		28.81
6281		471.15		34.846		109.29		38.989		40.158		0.61521		4261		65.276
6282		471.03		34.842		91.986		38.625		39.674		0.66559		3553		59.607
6284		476.46		35.262		137.84		38.785		40.092		0.54833		5346		73.116
6285		62.31		58.66		41.483		45.922		47.038		1.0777		1905		43.646
6286		74.363		70.146		194.43		45.605		46.996		0.49908		8867		94.165
6287		74.499		70.24		119.14		45.561		47.05		0.63861		5428		73.675
6288		16.128		40.519		149.02		12.019		12.193		0.28811		1791		42.32
6289		16.025		40.222		152.15		11.384		11.55		0.27753		1732		41.617
6290		176.14		69.257		125.33		82.109		85.076		0.83865		10291		101.44
6291		172.77		67.94		61.92		86.047		88.953		1.2186		5328		72.993
6292		336.26		69.41		110.67		72.007		75.48		0.84554		7969		89.269
6293		337.14		69.612		73.64		69.568		72.697		1.0157		5123		71.575
6294		29.758		40.599		54.383		12.78		12.971		0.49201		695		26.363
6295		29.725		40.552		114.42		11.668		11.846		0.3242		1335		36.538
6296		29.658		40.483		106.84		11.578		11.761		0.3344		1237		35.171
6297		116.43		57.216		146.16		43.534		44.707		0.56045		6363		79.768
6298		118.99		58.503		60.872		43.041		44.307		0.8656		2620		51.186
6299		120.83		59.415		131.18		43.009		44.187		0.58828		5642		75.113
6300		248.86		60.823		118.96		34.557		35.822		0.55869		4111		64.117
6301		284.59		70.133		192.79		33.565		34.871		0.43348		6471		80.443
6302		284.73		70.164		188.34		34.05		35.471		0.44294		6413		80.081
6304		56.164		40.266		109.85		11.735		11.923		0.33209		1289		35.903
6305		56.51		40.523		152.2		12.28		12.483		0.28874		1869		43.232
6306		486.13		50.447		38.986		65.562		68.087		1.3467		2556		50.557
6307		484.57		50.283		153.88		63.219		65.575		0.66485		9728		98.631
6308		487.47		50.583		110.09		62.848		65.384		0.78605		6919		83.181
6309		369.17		70.181		93.746		153.4		160.26		1.3364		14381		119.92
6310		377.9		71.868		33.26		156.04		162.87		2.2608		5190		72.042
6311		38.996		40.841		38.108		21.072		21.391		0.75487		803		28.337
6312		38.715		40.557		62.197		22.364		22.711		0.60895		1391		37.296
6313		187.04		70.066		80.599		104.84		108.6		1.1815		8450		91.924
6314		187.47		70.25		76.719		104.84		108.58		1.2108		8043		89.683
6315		386.99		69.983		81.975		89.771		93.57		1.0908		7359		85.785
6316		393.07		71.093		80.982		90.749		94.533		1.1027		7349		85.726
6317		76.907		40.628		74.863		20.691		21.026		0.53423		1549		39.357
6318		76.533		40.443		88.326		21.092		21.442		0.49678		1863		43.162
6322		498.06		45.704		66.761		135		139.79		1.4724		9013		94.937
6323		495.51		45.466		48.923		133.54		138		1.7073		6533		80.827
6325		454.34		20.279		54.102		128.61		132.07		1.5833		6958		83.415
6326		455.09		20.313		43.074		127.45		130.78		1.7651		5490		74.095
6327		453.24		20.232		34.934		123.52		126.42		1.9245		4315		65.689
6328		148.21		40.199		58.458		19.262		19.617		0.58461		1126		33.556
6329		149.34		40.534		97.897		19.377		19.743		0.45329		1897		43.555
6331		496.84		43.413		157.97		84.548		87.516		0.75727		13356		115.57
6332		497.1		43.431		83.427		81.281		84.189		1.0224		6781		82.347
6334		480.63		21.248		57.644		71.387		73.03		1.1385		4115		64.148
6335		481.65		21.295		63.939		71.974		73.801		1.0879		4602		67.838
6336		481.75		21.299		68.313		73.895		75.675		1.0651		5048		71.049
6337		483.07		21.358		56.83		73.904		75.721		1.1684		4200		64.807
6338		482.72		21.342		64.24		71.731		73.514		1.083		4608		67.882
6339		487.9		11.191		3.796		103.27		104.67		5.2868		392		19.799
6340		483.15		11.079		32.867		101.86		104.33		1.803		3348		57.862
6341		487.15		11.174		45.349		104.52		106.69		1.5497		4740		68.848
6342		487.44		11.182		51.851		101.72		103.82		1.4296		5274		72.622
6343		488.71		11.211		42.871		102.1		104.07		1.573		4377		66.159
6344		489.44		11.23		13.131		104.41		106.6		2.8791		1371		37.027
6345		278.08		40.411		139.27		14.863		15.196		0.334		2070		45.497
6346		276.67		40.211		31.948		14.649		14.98		0.69246		468		21.633
6347		488.86		11.217		15.371		102.14		104.49		2.637		1570		39.623
6348		473.93		24.314		60.94		57.729		59.265		0.9992		3518		59.313
6349		472.11		24.216		76.094		58.559		59.993		0.89873		4456		66.753
6350		473.27		24.271		72.858		59.074		60.627		0.92413		4304		65.605
6351		473.22		24.263		43.933		54.355		55.711		1.1401		2388		48.867
6352		107.89		40.396		67.815		11.089		11.287		0.4116		752		27.423
6353		106.44		39.833		67.924		11.13		11.316		0.41154		756		27.495
6354		107.62		40.309		149.69		11.177		11.376		0.27812		1673		40.902
6355		469.51		57.458		136.97		25.276		26.298		0.44695		3462		58.839
6356		493.1		60.5		205.39		24.359		25.408		0.35922		5003		70.732
6357		491.88		60.347		162.89		23.697		24.66		0.39692		3860		62.129
6358		489.89		60.105		92.916		23.882		24.959		0.52985		2219		47.106
6359		137.46		69.313		141.31		68.089		70.351		0.71719		9622		98.092
6360		138.65		69.938		102.74		67.484		69.787		0.83813		6933		83.265
6363		12.828		40.628		28.414		10.629		10.78		0.62029		302		17.378
6364		12.601		39.902		74.608		8.8998		9.0277		0.35034		664		25.768
6365		12.829		40.635		71.724		9.0765		9.4908		0.37197		651		25.515
6367		268.51		68.784		84.92		57.808		59.796		0.85345		4909		70.064
6368		274.39		70.308		83.765		58.831		60.962		0.86841		4928		70.2
6370		268.5		68.775		70.41		56.753		58.984		0.93308		3996		63.214
6371		24.271		40.528		85.46		9.9227		10.066		0.34566		848		29.12
6372		24.02		40.095		98.998		9.9598		10.11		0.32196		986		31.401
6373		46.598		39.995		124.21		9.1213		9.2596		0.27509		1133		33.66
6373		46.598		39.995		124.21		9.1213		9.2596		0.27509		1133		33.66
6374		46.473		39.875		53.077		11.022		11.208		0.46338		585		24.187
6375		468.32		59.269		95.951		48.16		49.981		0.73526		4621		67.978
6376		472.87		59.86		148.58		48.425		50.429		0.59452		7195		84.823
6377		472.49		59.82		64.842		48.657		50.457		0.8983		3155		56.169
6378		445.63		27.084		85.176		49.45		50.749		0.78196		4212		64.9
6379		445.98		27.106		86.193		50.561		52.081		0.78892		4358		66.015
6380		447.84		27.22		94.317		49.906		51.237		0.74681		4707		68.608
6381		448.16		27.239		18.374		48.547		49.498		1.6573		892		29.866
6382		90.611		39.857		74.503		8.6171		8.7577		0.34564		642		25.338
6383		90.123		39.648		108.64		8.4499		8.591		0.28355		918		30.299
6385		34.71		40.447		79.374		19.654		19.951		0.50512		1560		39.497
6386		35.05		40.408		29.745		18.592		18.891		0.80332		553		23.516
6387		319.3		69.621		128.92		143.49		149.53		1.0994		18499		136.01
6388		316.37		68.976		105.56		142.58		149.13		1.2156		15050		122.68
6389		34.818		39.81		63.811		19.668		19.96		0.56342		1255		35.426
6390		70.287		39.989		59.328		18.507		18.792		0.56712		1098		33.136
6391		69.746		39.674		40.257		18.978		19.293		0.69798		764		27.641
6393		502.35		51.83		18.874		110.36		113.82		2.4939		2083		45.64
6394		503.96		51.99		56.76		114.78		119.5		1.4805		6515		80.716
6395		505.73		52.18		71.774		112.88		117.08		1.3007		8102		90.011
6396		511.79		52.818		20.871		109.82		113.98		2.3808		2292		47.875
6397		312.45		68.101		43.316		142.4		148.09		1.8856		6168		78.537
6398		306.66		66.836		70.432		140.31		145.41		1.4628		9882		99.408
6399		482.73		23.971		15.387		98.2		101.12		2.6014		1511		38.872
6400		511.5		25.429		7.3324		108.15		109.84		3.9006		793		28.16
6401		496.7		24.687		3.7391		102.43		103.85		5.3064		383		19.57
6402		499.73		24.842		54.699		101.77		104.73		1.4037		5567		74.612
6403		501.87		24.943		63.88		101.22		103.99		1.2932		6466		80.411
6404		501.94		24.949		49.13		100.77		103.35		1.4688		4951		70.363
6405		138.92		40.227		60.876		15.178		15.439		0.5079		924		30.397
6406		138.67		40.156		54.543		15.071		15.338		0.53498		822		28.671
6407		264.98		40.815		54.806		13.301		13.598		0.50363		729		27
6408		261.92		40.332		74.596		13.111		13.377		0.42776		978		31.273
6410		480.38		12.119		8.1947		88.96		90.879		3.3659		729		27
6411		477.63		12.043		39.582		90.344		92.142		1.5408		3576		59.8
6412		479.63		12.095		29.652		87.312		89.082		1.7507		2589		50.882
6413		515.18		13.038		31.703		86.647		88.394		1.6865		2747		52.412
6415		515.46		13.042		42.428		86.005		87.748		1.4526		3649		60.407
6416		516.42		13.067		32.509		86.069		87.735		1.6586		2798		52.896
6417		518.54		13.123		24.938		87.096		89.076		1.9113		2172		46.605
6419		424.75		65.254		103.42		126.43		133.33		1.166		13075		114.35
6421		452.51		69.637		80.067		124.55		130.23		1.3041		9972		99.86
6422		434.81		66.899		55.855		123.43		128.76		1.5508		6894		83.03
6423		42.338		38.847		25.403		19.84		20.154		0.89774		504		22.45
6425		42.883		39.353		54.747		20.202		20.514		0.61683		1106		33.257
6426		43.151		39.618		31.42		21.515		21.84		0.83999		676		26
6427		86.109		40.675		54.001		18.907		19.237		0.60205		1021		31.953
6428		83.317		39.318		60.584		18.652		18.96		0.56404		1130		33.615
6429		522.29		40.274		44.47		110.57		114.57		1.6338		4917		70.121
6430		519.06		40.016		66.945		112.21		116.15		1.3401		7512		86.672
6431		518.51		39.97		34.655		108.41		112.41		1.8339		3757		61.294
6432		396.23		30.257		62.739		115.21		118.59		1.3948		7228		85.018
6433		267.38		20.19		59.628		125.28		127.57		1.476		7470		86.429
6434		518.96		20.114		62.96		109.43		112.33		1.3532		6890		83.006
6435		471.17		18.178		61.557		112.6		115.4		1.3861		6931		83.253
6436		472.49		18.227		37.28		112.5		115.09		1.7772		4194		64.761
6439		162.23		40.022		46.072		16.257		16.556		0.60493		749		27.368
6440		164.65		40.631		54.442		17.174		17.512		0.57269		935		30.578
6441		305.87		40.633		49.349		14.712		15.052		0.55864		726		26.944
6442		305.83		40.625		66.552		14.891		15.258		0.48468		991		31.48
6443		477.4		9.5244		29.069		100.79		102.71		1.8975		2930		54.129
6444		480.42		9.5885		32.324		97.203		99.012		1.7664		3142		56.054
6445		479.05		9.56		30.542		99.7		101.56		1.8405		3045		55.182
6446		480.32		9.5873		27.733		99.953		101.91		1.9357		2772		52.65
6447		478.96		9.5589		28.031		100.46		102.77		1.9367		2816		53.066
6448		479.78		9.5735		31.553		100.34		102.36		1.8191		3166		56.267
6451		221.26		59.005		65.131		64.24		66.607		1.0297		4184		64.684
6452		221.86		59.158		76.587		63.849		66.213		0.94687		4890		69.929
6453		224.34		59.811		78.869		68.176		70.707		0.96426		5377		73.328
6454		23.503		40.701		151.88		9.9419		10.096		0.25981		1510		38.859
6455		23.265		40.289		35.347		9.0531		9.1936		0.51394		320		17.889
6456		40.565		40.464		105.82		10.385		10.564		0.31865		1099		33.151
6459		421		62.604		113.58		56.892		59.293		0.7376		6462		80.387
6460		423.7		63.014		10.082		55.249		57.079		2.4185		557		23.601
6461		370.46		54.819		120.58		59.569		62.265		0.73467		7183		84.753
6462		327.46		48.37		108.71		61.275		63.375		0.77651		6661		81.615
6463		238.4		35.089		13.03		68.84		70.585		2.3568		897		29.95
6464		242.54		35.69		93.646		65.513		67.177		0.85765		6135		78.326
6465		485.7		37.59		115.32		57.646		59.702		0.73223		6648		81.535
6466		482.76		37.352		97.803		56.174		58.13		0.78425		5494		74.122
6467		488.5		37.794		73.015		56.687		58.635		0.9114		4139		64.335
6468		74.008		40.391		63.406		11.277		11.459		0.42853		715		26.739
6469		74.265		40.539		17.644		11.165		11.347		0.80842		197		14.036
6470		74.756		40.822		72.894		10.015		10.189		0.3771		730		27.019
6471		139.09		40.551		61.156		11.381		11.594		0.43948		696		26.382
6472		139.53		40.682		79.677		9.6892		9.871		0.35527		772		27.785
6473		489.93		19.258		36.224		53.583		54.95		1.2472		1941		44.057
6474		487.32		19.148		7.2405		55.797		57.313		2.8514		404		20.1
6475		487.59		19.166		48.187		54.932		56.213		1.0926		2647		51.449
6476		491.42		19.321		48.062		56.718		58.1		1.1128		2726		52.211
6477		487.29		19.155		47.992		57.009		58.416		1.1168		2736		52.307
6478		490.43		19.28		48.269		55.357		56.793		1.0987		2672		51.691
6479		489.94		19.257		43.928		54.111		55.47		1.1377		2377		48.754
6486		184.89		59.063		102.91		165.09		170.42		1.3075		16989		130.34
6487		19.525		40.468		56.18		25.81		26.179		0.6875		1450		38.079
6488		35.417		40.447		49.179		23.445		24.089		0.70944		1153		33.956
6489		358.33		60.971		86.264		133.01		137.62		1.2847		11474		107.12
6490		478.43		42.271		72.321		116.41		120.52		1.3135		8419		91.755
6491		484.32		42.798		17.589		119.45		123.15		2.6867		2101		45.837
6493		477.43		42.167		72.636		119.21		123.27		1.3248		8659		93.054
6494		65.577		40.499		62.118		21.894		22.259		0.60359		1360		36.878
6495		119.93		40.168		69.701		19.813		20.171		0.54278		1381		37.162
6496		447		20.241		22.964		112		114.73		2.2622		2572		50.715
6497		445.29		20.163		58.913		114.66		117.47		1.4293		6755		82.189
6498		448.45		20.308		47.279		109.01		111.56		1.554		5154		71.791
6499		445.28		20.155		36.212		109.63		112.17		1.7803		3970		63.008
6500		372.36		53.662		32.432		299.24		309.5		3.1417		9705		98.514
6501		425.4		61.631		40.601		285.59		296.87		2.757		11595		107.68
6502		50.248		40.274		69.936		44.44		45.126		0.80944		3108		55.749
6503		94.279		39.757		44.642		40.814		41.493		0.97209		1822		42.685
6504		96.684		40.796		21.494		40.756		41.47		1.4011		876		29.597
6506		479.02		34.802		22.004		251.9		259.59		3.4867		5543		74.451
6507		485.4		35.273		89.87		255.95		264.77		1.7458		23002		151.66
6509		485.27		18.103		43.061		232.23		237.14		2.3714		10000		100
6510		486.4		18.142		28.724		234.16		238.97		2.9138		6726		82.012
6512		170.72		38.766		43.249		36.532		37.205		0.93598		1580		39.749
6513		301.51		38.499		42.025		29.816		30.376		0.85814		1253		35.398
6514		488.55		9.8931		15.866		203.2		209.59		3.6913		3224		56.78
6515		495.23		10.034		30.378		202.55		206.99		2.6388		6153		78.441
6516		497.8		10.09		11.702		202.44		205.87		4.2298		2369		48.672
6517		496.15		10.052		30.556		200.52		204.85		2.6171		6127		78.275
6518		411.23		58.877		24.947		86.544		90.609		1.9501		2159		46.465
6519		456.52		65.524		121.2		83.275		87.283		0.8688		10093		100.46
6520		437.26		62.722		51.32		82.619		86.101		1.3223		4240		65.115
6521		44.239		39.825		101.78		13.284		13.493		0.36696		1352		36.77
6522		27.873		40.037		85.673		6.3381		6.437		0.27624		543		23.302
6523		27.713		39.812		107.81		6.8732		6.9781		0.25635		741		27.221
6524		294.74		65.346		145.04		40.844		42.489		0.55204		5924		76.968
6525		286.06		63.428		118.54		40.619		42.306		0.60969		4815		69.39
6526		291		64.513		101.21		41.192		42.929		0.66487		4169		64.568
6527		469.13		60.317		77.684		38.644		40.44		0.73809		3002		54.791
6528		467.6		60.128		184.74		37.593		39.362		0.47233		6945		83.337
6529		469.84		60.413		128.74		37.479		39.22		0.56463		4825		69.462
6531		46.83		40.512		127.17		6.9121		7.0226		0.23687		879		29.648
6532		46.693		40.378		57.688		6.5871		6.6918		0.34328		380		19.494
6533		86.703		40.251		66.315		11.988		12.21		0.43305		795		28.196
6534		86.689		40.249		45.667		12.788		13.027		0.53905		584		24.166
6535		484.8		35.359		110.42		77.579		80.072		0.86515		8566		92.553
6536		483.98		35.295		99.828		77.844		80.741		0.91592		7771		88.153
6537		481.38		45.46		61.179		283.68		295.08		2.2399		17355		131.74
6538		67.843		40.415		35.892		47.754		48.535		1.1723		1714		41.4
6539		123.59		40.452		35.237		41.519		42.305		1.106		1463		38.249
6541		497.8		25.266		55.14		264.71		272.39		2.2546		14596		120.81
6542		478.3		13.115		30.206		256.04		266.06		3.0254		7734		87.943
6543		475.03		13.022		43.548		256.36		261.45		2.4744		11164		105.66
6544		205.05		37.436		45.271		39.562		40.516		0.95736		1791		42.32
6545		408.19		65.439		108.47		141.13		147.94		1.1957		15308		123.73
6546		36.839		39.086		50.669		26.15		26.552		0.72944		1325		36.401
6547		61.001		39.098		53.21		25.897		26.328		0.70924		1378		37.121
6548		477.75		44.378		45.212		135.83		140.47		1.7925		6141		78.365
6549		471.67		43.81		61.934		135.47		141.53		1.5452		8390		91.597
6550		475.28		24.218		62.466		140.67		144.62		1.5428		8787		93.739
6551		481.92		24.574		56.455		142.57		146.57		1.6337		8049		89.716
6552		107.44		39.802		66.676		26.126		26.583		0.63691		1742		41.737
7593		88.71		49.555		81.447		31.444		32.13		0.6349		2561		50.606
7594		90.829		50.747		184.03		33.935		34.751		0.43974		6245		79.025
7595		89.095		49.767		100.63		32.455		33.235		0.58156		3266		57.149
7596		88.736		49.593		53.861		32.621		33.374		0.79621		1757		41.917
7597		84.87		47.423		127.11		33.499		34.286		0.52542		4258		65.253
7599		11.592		40.671		5.993		5.1727		5.2427		0.94162		31		5.5678
7600		11.564		40.588		17.492		3.8303		3.8864		0.4748		67		8.1854
7601		11.471		40.245		34.221		4.0618		4.1168		0.34918		139		11.79
7602		11.451		40.173		101.84		4.1239		4.1826		0.20409		420		20.494
7603		11.16		39.142		112.57		4.4682		4.5275		0.20187		503		22.428
7604		11.595		40.696		49.7		4.1247		4.1871		0.29244		205		14.318
7605		21.795		40.432		134.64		4.0479		4.1087		0.176		545		23.345
7606		21.739		40.327		117.03		4.2211		4.2808		0.1926		494		22.226
7607		21.897		40.618		47.099		3.7368		3.7906		0.28573		176		13.266
7608		180.39		50.918		178.11		30.24		31.06		0.42322		5386		73.389
7609		180.86		51.049		180		29.634		30.416		0.41646		5334		73.034
7610		175.43		50.042		111.04		27.909		28.757		0.51657		3099		55.669
7611		365.09		50.401		157.75		26.167		27.049		0.421		4128		64.25
7612		362.01		49.961		127.88		24.969		25.889		0.45816		3193		56.507
7613		367.59		50.748		168.33		24.82		25.642		0.39671		4178		64.637
7614		366.29		50.562		165.43		25.455		26.298		0.40525		4211		64.892
7615		368.82		50.913		172.87		25.059		25.888		0.39333		4332		65.818
7616		366.61		50.616		55.604		23.452		24.279		0.67234		1304		36.111
7617		43.203		40.782		138.28		4.3896		4.4564		0.18088		607		24.637
7618		43.221		40.808		150.49		4.2859		4.3533		0.17141		645		25.397
7619		43.427		41.012		105.88		4.1272		4.1904		0.20046		437		20.905
7620		85.055		40.419		55.837		3.94		4.0015		0.26978		220		14.832
7621		85.028		40.408		38.931		4.2126		4.2792		0.33415		164		12.806
7622		85.643		40.705		140.23		4.1146		4.1836		0.17417		577		24.021
7623		86.082		40.932		140.86		3.8123		3.8749		0.16722		537		23.173
7625		494.5		32.646		106.7		22.858		23.535		0.47656		2439		49.386
7626		495.09		32.683		115.81		23.021		23.739		0.45977		2666		51.633
7627		495.47		32.704		87.104		21.549		22.192		0.51224		1877		43.324
7628		496.99		32.806		102.56		22.193		22.862		0.47921		2276		47.707
7629		493.36		32.559		96.645		21.605		22.229		0.48648		2088		45.695
7630		496.33		32.759		108.36		22.592		23.312		0.47116		2448		49.477
7631		496.44		32.763		112.59		23.723		24.451		0.47311		2671		51.682
7632		496.51		32.767		114.64		22.949		23.687		0.4618		2631		51.293
7633		497.79		32.847		105.81		22.833		23.497		0.47803		2416		49.153
7634		498.05		32.865		119.94		22.028		22.72		0.44202		2642		51.4
7635		100.94		25.49		79.311		73.975		75.122		0.98075		5867		76.596
7636		100.66		25.422		88.157		73.381		74.405		0.92509		6469		80.43
7637		100.33		25.338		29.256		72.498		73.499		1.5959		2121		46.054
7638		29.63		40.523		100.7		8.4407		8.5658		0.29381		850		29.155
7639		29.496		40.331		34.747		7.8568		7.9731		0.48255		273		16.523
7640		60.759		40.341		52.142		8.0933		8.2202		0.40015		422		20.543
7641		60.138		39.903		102.28		7.5769		7.6963		0.27646		775		27.839
7642		189.76		22.014		78.487		59.156		60.094		0.88193		4643		68.14
7643		189.52		21.984		68.494		57.845		58.71		0.93273		3962		62.944
7644		189.01		21.922		79.823		59.056		59.929		0.87285		4714		68.659
7645		187.08		21.696		34.961		60.238		61.159		1.3327		2106		45.891
7646		360.78		19.877		63.15		48.867		49.965		0.89943		3086		55.552
7647		360.28		19.851		65.794		49.108		50.078		0.881		3231		56.842
7648		362.61		19.985		70.269		49.111		50.055		0.85206		3451		58.745
7649		360.92		19.892		64.937		48.586		49.57		0.88251		3155		56.169
7650		362.34		19.973		68.653		46.684		47.616		0.84109		3205		56.613
7651		412.39		22.861		76.174		45.698		46.753		0.79242		3481		59
7652		430.37		23.905		78.588		44.854		45.956		0.77405		3525		59.372
7654		122.12		40.093		128.18		7.185		7.3098		0.24087		921		30.348
7655		120.92		39.697		112.24		6.9403		7.0616		0.25301		779		27.911
7657		235.41		39.851		124.28		5.4073		5.521		0.21298		672		25.923
7658		234.75		39.747		125.93		5.9797		6.1089		0.22262		753		27.441
7659		228.82		38.706		28.806		5.3115		5.4078		0.4372		153		12.369
7660		240.27		40.701		59.055		6.2315		6.3694		0.33203		368		19.183
7661		496.15		13.597		47.813		38.441		39.312		0.91696		1838		42.872
7662		494.46		13.55		46.796		36.649		37.409		0.90331		1715		41.413
7663		495.85		13.589		49.425		39.615		40.45		0.91414		1958		44.249
7666		492.25		13.486		19.096		41.109		41.824		1.4927		785		28.018
7667		492.51		13.496		26.966		38.715		39.49		1.2222		1044		32.311
7668		478.35		13.087		45.017		38.008		38.723		0.93614		1711		41.364
7669		480.19		13.141		45.867		36.039		36.768		0.90435		1653		40.657
7670		480.39		13.146		42.694		38.952		39.727		0.97419		1663		40.78
7671		426.77		49.744		151.13		31.8		33.008		0.47614		4806		69.325
7672		435.88		50.826		177.39		32.318		33.636		0.44424		5733		75.717
7673		50.669		39.941		128.9		5.9738		6.0674		0.21865		770		27.749
7674		50.958		40.168		59.845		5.8317		5.9235		0.31708		349		18.682
7675		88.745		40.19		109.67		5.9177		6.0256		0.23653		649		25.475
7676		88.933		40.28		131.39		6.2639		6.3754		0.22223		823		28.688
7677		89.559		40.58		57.15		5.7393		5.8392		0.32242		328		18.111
7678		145.33		18.875		2.8219		21.971		22.243		2.8248		62		7.874
7679		513		32.574		109.68		32.696		33.785		0.56418		3586		59.883
7680		500.05		31.71		100.64		34.212		35.238		0.60054		3443		58.677
7681		491.53		31.16		104.28		32.872		33.966		0.58013		3428		58.549
7682		494.13		31.317		104.52		33.476		34.54		0.58392		3499		59.152
7684		518.83		17.152		56.305		33.923		34.882		0.79814		1910		43.704
7685		511.6		16.902		55.574		32.695		33.508		0.78609		1817		42.626
7686		511.45		16.898		55.264		34.236		35.129		0.80761		1892		43.497
7687		512.03		16.914		58.461		32.603		33.386		0.76472		1906		43.658
7688		511.94		16.911		47.141		33.813		34.81		0.87188		1594		39.925
7689		518.67		17.136		67.739		33.437		34.325		0.72124		2265		47.592
7690		515.44		17.019		24.54		34.515		35.245		1.211		847		29.103
7692		512.31		16.923		29.51		31.515		32.249		1.0575		930		30.496
7694		163.59		40.38		187.79		5.7936		5.9089		0.17914		1088		32.985
7695		163.48		40.342		128.19		5.7335		5.8439		0.21556		735		27.111
7697		92.557		40.635		64.109		10.482		10.668		0.41153		672		25.923
7698		92.302		40.537		75.385		10.36		10.537		0.37705		781		27.946
7699		453.89		30.62		106.41		65.25		67.236		0.80692		6943		83.325
7702		455.12		30.709		103.08		64.465		66.448		0.81514		6645		81.517
7703		453.6		30.606		15.229		65.927		67.954		2.1446		1004		31.686
7706		497.61		17.325		60.889		60.701		62.209		1.0233		3696		60.795
7707		493.72		17.186		52.903		62.076		63.934		1.1156		3284		57.306
7708		497.55		17.324		56.327		62.333		63.86		1.0777		3511		59.254
7709		495.6		17.252		58.819		63.568		65.207		1.0664		3739		61.147
7710		495.96		17.265		29.834		62.513		64.04		1.4829		1865		43.186
7711		170		39.517		113.6		9.6652		9.8736		0.29797		1098		33.136
7712		172		39.981		57.729		10.134		10.372		0.42884		585		24.187
7713		317.36		39.939		38.034		8.4924		8.6464		0.4811		323		17.972
7714		314.72		39.575		39.187		8.3191		8.5303		0.47245		326		18.055
7715		318.72		40.094		100.69		8.859		9.0901		0.30436		892		29.866
7716		485.57		8.8612		31.345		56.117		57.196		1.3637		1759		41.94
7717		484.15		8.8332		33.243		57.245		58.337		1.3373		1903		43.623
7718		483.54		8.8217		36.879		58.544		59.647		1.2837		2159		46.465
7719		483.59		8.825		30.099		57.411		58.49		1.4071		1728		41.569
7720		486.21		8.8744		31.098		58.236		59.325		1.394		1811		42.556
7721		492.25		8.9897		34.566		57.745		58.964		1.3198		1996		44.677
7722		495.64		9.0564		30.131		58.81		59.931		1.4237		1772		42.095
7723		20.843		50.829		106.64		6.2079		6.3481		0.24673		662		25.729
7724		45.211		50.331		102.55		26.319		26.93		0.51836		2699		51.952
7725		6.0321		40.6		52.226		3.5423		3.5938		0.26422		185		13.601
7727		20.502		40.982		143.87		4.8099		4.8816		0.18557		692		26.306
7728		20.022		39.996		96.55		4.4536		4.5183		0.21789		430		20.736
7729		67.653		49.512		34.063		20.257		20.701		0.78809		690		26.268
7730		68.988		50.474		157.36		20.272		20.768		0.36771		3190		56.48
7733		66.995		49.028		119.2		18.85		19.289		0.40692		2247		47.403
7735		161.63		49.595		154.34		33.329		34.351		0.47895		5144		71.722
7736		163.96		50.312		177.29		34.655		35.607		0.45426		6144		78.384
7737		315.39		49.575		144.24		30.096		31.09		0.47187		4341		65.886
7738		318.97		50.154		154.34		29.565		30.541		0.45212		4563		67.55
7738		318.97		50.154		154.34		29.565		30.541		0.45212		4563		67.55
7739		310.7		48.825		16.67		28.134		29.34		1.3548		469		21.656
7740		316.52		49.75		180.19		30.43		31.415		0.42426		5483		74.047
7741		132.34		49.487		160.68		16.922		17.358		0.33289		2719		52.144
7742		117.68		43.963		23.69		17.392		17.824		0.87811		412		20.298
7743		135.06		50.495		138.19		14.423		14.802		0.33156		1993		44.643
7747		36.737		39.217		64.794		5.1548		5.2283		0.28608		334		18.276
7748		37.288		39.836		152.55		5.1588		5.2389		0.18675		787		28.054
7749		37.423		39.987		47.14		5.0063		5.0808		0.33073		236		15.362
7750		71.294		39.408		42.106		5.0824		5.1599		0.35273		214		14.629
7751		72.07		39.848		137.97		4.3777		4.4466		0.18093		604		24.576
7752		72.294		39.979		159.27		4.847		4.9256		0.17728		772		27.785
7753		274.95		50.077		46.94		12.804		13.214		0.53902		601		24.515
7754		275.82		50.236		175.63		13.773		14.192		0.28855		2419		49.183
7755		271.1		49.371		88.365		13.524		13.907		0.4023		1195		34.569
7757		481.27		37.4		141.52		26.081		26.913		0.44298		3691		60.754
7758		480.29		37.322		177.28		26.794		27.619		0.40074		4750		68.92
7759		480.52		37.333		137.67		26.274		27.143		0.45131		3617		60.141
7760		56.625		49.932		110.1		72.99		74.772		0.8341		8036		89.644
7762		8.3354		39.828		49.895		8.4177		8.5396		0.41669		420		20.494
7763		27.607		49.858		98.637		61.539		62.804		0.8061		6070		77.91
7765		69.168		20.183		63.913		45.515		46.014		0.85314		2909		53.935
7766		67.916		19.808		56.789		46.012		46.51		0.90986		2613		51.118
7768		120		17.667		63.994		72.272		73.09		1.0747		4625		68.007
7769		117.85		17.344		42.591		73.067		73.883		1.3244		3112		55.785
7770		119.24		17.552		29.902		69.294		70.138		1.5408		2072		45.519
7771		118.81		17.483		33.141		70.124		71.081		1.4745		2324		48.208
7772		44.277		38.395		123.23		9.2916		9.4183		0.27834		1145		33.838
7773		90.701		38.973		114.51		8.5667		8.7026		0.27785		981		31.321
7774		87.677		37.631		66.64		7.8481		7.9742		0.34869		523		22.869
7775		324.01		22.943		81.57		58.453		59.651		0.86387		4768		69.051
7776		322.62		22.845		73.174		58.19		59.408		0.91042		4258		65.253
7777		323.92		22.935		84.356		59.261		60.492		0.85557		4999		70.704
7778		144.22		19.753		65.68		43.681		44.212		0.82541		2869		53.563
7779		145.43		19.923		63.951		43.862		44.429		0.83888		2805		52.962
7781		285.13		18.956		57.867		38.813		39.46		0.83263		2246		47.392
7782		284.98		18.948		75.396		39.193		39.834		0.73278		2955		54.36
7783		486.73		16.939		54.887		49.666		50.822		0.97339		2726		52.211
7784		487.66		16.973		57.79		50.424		51.602		0.95592		2914		53.981
7785		488.56		17.009		60.105		48.765		49.888		0.92149		2931		54.139
7786		488.62		17.02		56.067		47.283		48.421		0.94044		2651		51.488
7787		490.12		17.077		37.137		48.954		50.274		1.1791		1818		42.638
7790		181.11		39.632		87.122		7.4034		7.5356		0.29671		645		25.397
7791		173.47		37.91		15.826		8.7829		8.917		0.75633		139		11.79
7792		179.81		39.344		66.109		6.8825		7.0222		0.3292		455		21.331
7793		26.857		40.324		102.75		5.7909		5.8804		0.24107		595		24.393
7794		26.879		40.35		100.9		5.8278		5.9148		0.24392		588		24.249
7796		218.39		49.827		152.68		36.297		37.409		0.5025		5542		74.445
7797		217.53		49.624		143.61		36.675		37.854		0.5216		5267		72.574
7798		411.43		50.26		152.68		33.077		34.21		0.4814		5050		71.063
7799		410.33		50.119		148		31.926		33.117		0.48179		4725		68.739
7800		209.59		25.192		81.013		38.315		39.028		0.70051		3104		55.714
7801		47.74		40.022		118.31		5.435		5.5183		0.21762		643		25.357
7802		47.566		39.883		89.836		5.9553		6.0466		0.26142		535		23.13
7803		90.391		40.418		84.116		6.3484		6.4682		0.27991		534		23.108
7804		87.289		38.994		85.01		5.9522		6.0624		0.26951		506		22.494
7805		489.44		30.235		99.786		31.558		32.556		0.58015		3149		56.116
7806		490.96		30.331		118.84		32.641		33.645		0.54021		3879		62.282
7807		486.05		30.027		60.583		30.834		31.721		0.73393		1868		43.22
7808		222.62		27.147		88.758		74.956		76.585		0.93893		6653		81.566
7809		222.5		27.134		77.9		73.158		74.608		0.98829		5699		75.492
7811		54.064		40.425		105.45		10.801		10.971		0.32506		1139		33.749
7812		106.14		40.347		117.57		9.2199		9.3776		0.28483		1084		32.924
7813		411.13		24.905		72.819		64.708		66.302		0.96589		4712		68.644
7814		414.86		25.132		96.074		62.483		64.015		0.82623		6003		77.479
7815		485.59		14.709		50.743		58.155		59.551		1.0962		2951		54.323
7816		483.43		14.643		54.528		60.245		61.645		1.0756		3285		57.315
7817		484.8		14.686		62.326		57.504		58.806		0.98229		3584		59.867
7819		204.18		40.313		50.562		8.4649		8.6335		0.41732		428		20.688
7820		206.17		40.714		110.2		9.2015		9.4025		0.29527		1014		31.843
