
//oct 12 2019
run  mean     err           sigma error in sigma

6018   0.998602   4.48304e-05   0.0341106   3.78757e-05
6019   0.998935   4.19997e-05   0.0340462   3.54694e-05
6020   1.00038   5.49048e-05   0.0341356   4.64309e-05
6021   1.00177   4.13013e-05   0.0341396   3.4845e-05
6022   1.00623   0.000173956   0.0344155   0.000149888
6023   1.00515   6.22959e-05   0.0343869   5.30227e-05
6024   1.0042   7.64652e-05   0.0343537   6.48793e-05
6025   1.00448   6.11169e-05   0.0342597   5.18663e-05
6026   1.00717   0.000120241   0.034685   0.000102401
6027   1.00729   9.52979e-05   0.0347426   8.15371e-05
6028   1.00782   0.000149087   0.0345951   0.00012826
6029   1.00629   0.000151791   0.0344637   0.000129071
6030   1.00577   5.07593e-05   0.0343874   4.32688e-05
6031   1.00497   5.91899e-05   0.0345685   5.04676e-05
6032   1.00503   5.90723e-05   0.0343785   5.03818e-05
6033   1.00495   5.57753e-05   0.0343332   4.74678e-05
6034   1.00504   5.6953e-05   0.0343189   4.82093e-05
6035   1.00594   5.79768e-05   0.0343823   4.93653e-05
6036   1.0056   6.98613e-05   0.0344055   5.94863e-05
6038   1.00626   5.32825e-05   0.0344786   4.53572e-05
6039   1.00628   5.47477e-05   0.0344877   4.64423e-05
6040   1.0059   5.69448e-05   0.0345277   4.83824e-05
6041   1.00567   6.86138e-05   0.0344964   5.84392e-05
6042   1.00673   6.22069e-05   0.0344506   5.29242e-05
6043   1.00624   6.32792e-05   0.0345125   5.38366e-05
6044   1.00575   5.2958e-05   0.0345897   4.51648e-05
6045   1.00599   9.88396e-05   0.0345489   8.42097e-05
6046   1.00734   8.34751e-05   0.034519   7.14637e-05
6049   1.00722   0.000160254   0.0345784   0.000136104
6050   1.007   8.18494e-05   0.0345017   6.98707e-05
6051   1.00705   9.27753e-05   0.0345488   7.9108e-05
6052   1.00656   6.69452e-05   0.0345395   5.70515e-05
6053   1.00688   9.65632e-05   0.0343773   8.25069e-05
6054   1.00593   3.65103e-05   0.034569   3.11257e-05
6055   1.0056   8.0117e-05   0.0345263   6.79457e-05
6056   1.00652   6.54997e-05   0.0346525   5.57431e-05
6057   1.00617   6.52733e-05   0.0345993   5.55084e-05
6058   1.00563   7.47082e-05   0.0345831   6.37975e-05
6059   1.00564   5.87869e-05   0.0344957   5.01369e-05
6060   1.0054   5.75421e-05   0.0344261   4.89272e-05
6061   1.00507   5.42292e-05   0.0343715   4.59167e-05
6062   1.00668   9.7076e-05   0.0342791   8.33249e-05
6063   1.00543   5.22391e-05   0.0343798   4.44929e-05
6064   1.005   5.47762e-05   0.034505   4.66277e-05
6065   1.00298   3.72425e-05   0.0342809   3.14873e-05
6066   1.00348   4.84867e-05   0.0341933   4.09678e-05
6067   1.00663   9.02064e-05   0.0344181   7.69005e-05
6068   1.00137   4.02149e-05   0.0342086   3.42112e-05
6070   1.00083   4.08233e-05   0.0341211   3.46438e-05
6071   1.00113   4.6202e-05   0.0340901   3.92314e-05
6073   1.0051   2.67158e-05   0.034045   2.27295e-05
6080   1.00972   9.98408e-05   0.0347254   8.69312e-05
6081   1.00691   8.68717e-05   0.034442   7.39713e-05
6082   1.00626   3.7492e-05   0.0343689   3.19511e-05
6083   1.0053   3.45021e-05   0.0341887   2.94254e-05
6084   1.00755   3.7115e-05   0.0342355   3.16203e-05
6085   1.00894   6.20371e-05   0.0342618   5.32609e-05
6086   1.00926   3.97408e-05   0.0343705   3.40007e-05
6087   1.01185   8.17647e-05   0.0348053   7.07784e-05
6088   1.01049   5.10765e-05   0.0347014   4.42088e-05
6089   1.01004   4.98646e-05   0.034553   4.28412e-05
6090   1.00957   5.08554e-05   0.0346252   4.40155e-05
6091   1.01074   5.40445e-05   0.0346446   4.66844e-05
6093   1.01083   5.67526e-05   0.0346367   4.9136e-05
6094   1.01094   0.000159777   0.0348339   0.000138659
6095   1.01219   0.000164222   0.0348084   0.000144143
6096   1.01072   6.44892e-05   0.0346032   5.5706e-05
6097   1.01183   0.000207429   0.0349244   0.000177412
6098   1.01122   8.22759e-05   0.0348432   7.09995e-05
6099   1.00902   5.37691e-05   0.0345751   4.62129e-05
6101   1.00573   6.16656e-05   0.0345459   5.26934e-05
6102   1.00248   4.66246e-05   0.0345908   3.91649e-05
6103   1.00209   7.10745e-05   0.0345807   6.00639e-05
6104   0.991249   4.87999e-05   0.0317543   4.12903e-05
6105   0.991268   4.96295e-05   0.0317536   4.16724e-05
6106   0.993887   6.54513e-05   0.0316419   5.5126e-05
6109   0.996564   9.58578e-05   0.0317293   8.10212e-05
6110   0.99618   9.95005e-05   0.0318376   8.37387e-05
6111   0.99083   5.02756e-05   0.0323372   4.23263e-05
6112   0.990077   4.51506e-05   0.032385   3.78022e-05
6114   0.992851   0.000115775   0.0319213   9.79306e-05
6115   0.993137   4.16813e-05   0.032226   3.53577e-05
6116   0.995355   5.17798e-05   0.0321472   4.37486e-05
6117   0.997062   6.64434e-05   0.0319884   5.57778e-05
6118   0.997558   5.27415e-05   0.0320037   4.42482e-05
6119   1.00362   0.00014337   0.03206   0.000120302
6120   1.0047   0.000141149   0.0319384   0.000120072
6121   1.00083   7.73421e-05   0.0319349   6.47152e-05
6122   1.00029   3.15265e-05   0.0321731   2.65064e-05
6123   1.00052   2.85611e-05   0.0323317   2.39542e-05
6124   1.00134   2.55037e-05   0.0327655   2.1449e-05
6125   1.00332   2.6565e-05   0.0328778   2.24348e-05
6126   1.00865   6.03152e-05   0.0321944   5.10601e-05
6127   1.0118   0.00016162   0.0325989   0.000137605
6128   1.01258   7.28154e-05   0.0325381   6.20573e-05
6129   1.01442   0.000139276   0.0324869   0.00011937
6130   1.01238   0.000128665   0.032683   0.000109842
6132   1.01261   9.18354e-05   0.0322302   7.78321e-05
6133   1.01291   0.000226815   0.032392   0.000191836
6135   1.01245   0.00015286   0.0323443   0.000130131
6136   1.00309   2.89925e-05   0.0322012   2.44199e-05
6137   1.005   2.86716e-05   0.0319354   2.42787e-05
6138   1.00566   3.03235e-05   0.0319886   2.56092e-05
6139   1.00542   2.61131e-05   0.0320118   2.20486e-05
6140   1.00666   2.75328e-05   0.0320255   2.32644e-05
6141   1.00762   2.62308e-05   0.0320339   2.21821e-05
6142   1.01013   8.18793e-05   0.0319882   6.99866e-05
6144   1.01016   4.03937e-05   0.032071   3.43533e-05
6145   1.00612   3.69976e-05   0.0331857   3.08931e-05
6146   1.00987   8.31558e-05   0.032856   7.03412e-05
6154   0.998458   4.71003e-05   0.0318438   3.9982e-05
6155   1.00275   0.000665078   0.0326063   0.00053439
6163   0.991777   4.82855e-05   0.0320152   4.07006e-05
6164   0.99265   0.00011277   0.0322264   9.48499e-05
6166   0.993716   0.00013248   0.0317198   0.000112809
6168   0.999287   9.88126e-05   0.0317536   8.31719e-05
6169   0.998794   0.000352984   0.0317724   0.000299194
6170   0.99309   3.6967e-05   0.0316582   3.1145e-05
6171   0.995833   4.06106e-05   0.0316053   3.44186e-05
6172   1.00089   9.21656e-05   0.0318536   7.69964e-05
6174   0.997104   4.345e-05   0.031748   3.65564e-05
6175   0.998912   4.75671e-05   0.0315601   4.037e-05
6177   0.999834   3.87948e-05   0.0315173   3.27869e-05
6178   1.0011   3.71485e-05   0.0315565   3.14159e-05
6179   1.00147   3.67229e-05   0.0316094   3.11402e-05
6180   1.00286   3.87563e-05   0.031659   3.28492e-05
6181   1.00662   9.82962e-05   0.0320375   8.29045e-05
6182   1.0067   9.1446e-05   0.0321068   7.69205e-05
6183   1.00657   6.56211e-05   0.0322486   5.51105e-05
6184   1.00886   9.77628e-05   0.0321169   8.29745e-05
6185   1.00609   4.27581e-05   0.0319462   3.64875e-05
6186   1.0054   3.53795e-05   0.031631   3.02364e-05
6187   1.00618   3.58933e-05   0.0317672   3.06318e-05
6188   1.00564   3.82268e-05   0.0315705   3.26823e-05
6189   1.00627   3.85838e-05   0.0314954   3.30125e-05
6190   1.00529   3.94107e-05   0.0316086   3.35885e-05
6192   1.00823   5.81176e-05   0.0330567   5.00171e-05
6193   1.00788   5.61977e-05   0.0330093   4.84795e-05
6194   1.00582   4.76475e-05   0.0331611   4.07981e-05
6195   1.00581   4.52088e-05   0.0331412   3.86198e-05
6196   1.01072   0.000110871   0.0332092   9.52781e-05
6197   1.01035   0.000107683   0.0332487   9.30712e-05
6198   1.00728   4.7856e-05   0.0330648   4.08647e-05
6199   1.00776   4.61918e-05   0.033079   3.96174e-05
6200   1.00848   4.80421e-05   0.0329975   4.13342e-05
6201   1.00812   4.82035e-05   0.0329446   4.15297e-05
6202   1.00858   4.79861e-05   0.032984   4.14673e-05
6203   1.00845   4.85167e-05   0.0330511   4.16455e-05
6204   1.00977   6.27691e-05   0.0329942   5.41852e-05
6205   1.00946   5.04103e-05   0.0331281   4.35167e-05
6208   1.01065   9.13391e-05   0.0331604   7.89937e-05
6209   1.00858   4.50528e-05   0.0330768   3.87332e-05
6210   1.0084   6.36464e-05   0.0330021   5.49483e-05
6211   1.00971   0.00011734   0.0333085   0.000100509
6212   1.00978   7.82592e-05   0.0333149   6.72802e-05
6213   1.00965   9.07615e-05   0.0333235   7.77957e-05
6214   1.00896   9.78685e-05   0.0332347   8.44098e-05
6215   1.00836   0.000103612   0.0332201   8.91882e-05
6216   1.00806   5.17519e-05   0.0331555   4.46627e-05
6217   1.00745   9.40907e-05   0.0331672   8.06654e-05
6219   1.00724   5.01306e-05   0.0330823   4.31641e-05
6220   1.00648   5.39895e-05   0.0331317   4.60552e-05
6221   1.00627   9.15959e-05   0.0331299   7.82124e-05
6222   1.00662   5.84276e-05   0.033101   4.99829e-05
6223   1.00524   5.44016e-05   0.0331654   4.67097e-05
6224   1.00522   5.54066e-05   0.0330822   4.73618e-05
6225   1.00533   8.81951e-05   0.0330745   7.50754e-05
6237   1.00108   8.09878e-05   0.032833   6.8873e-05
6240   1.00002   6.00303e-05   0.0328295   5.08957e-05
6241   1.00005   6.81228e-05   0.0328051   5.8311e-05
6242   1.00303   0.000101245   0.0331244   8.55895e-05
6243   1.00303   0.000112114   0.0331636   9.54446e-05
6244   1.00266   0.000126633   0.033275   0.000107405
6245   0.996813   5.11252e-05   0.0333979   4.35076e-05
6246   0.996729   7.37959e-05   0.033126   6.32872e-05
6247   0.997406   5.64874e-05   0.0331742   4.80279e-05
6248   0.99552   5.2227e-05   0.0330217   4.47316e-05
6249   0.995768   4.6001e-05   0.0330107   3.9138e-05
6250   0.99643   4.31018e-05   0.033016   3.67345e-05
6251   1.00356   0.000183681   0.0332229   0.00015613
6252   1.00287   0.000200988   0.0331439   0.000169076
6253   1.00031   6.13489e-05   0.0329596   5.21085e-05
6254   1.00064   6.27656e-05   0.03284   5.34011e-05
6255   1.00256   6.09149e-05   0.0329599   5.17375e-05
6256   1.00079   5.46016e-05   0.0328331   4.60821e-05
6257   1.00284   3.70844e-05   0.0329232   3.15403e-05
6258   1.00144   8.147e-05   0.0328751   6.92855e-05
6259   1.00469   4.52759e-05   0.0330251   3.85902e-05
6260   1.00408   7.78337e-05   0.0330206   6.65474e-05
6261   1.0059   0.000132036   0.0330167   0.000113113
6262   1.00626   0.000148477   0.033146   0.000126404
6263   1.00416   5.63392e-05   0.0330435   4.83847e-05
6264   1.00301   5.87127e-05   0.0329239   5.03665e-05
6265   1.00419   5.90897e-05   0.0330135   5.0692e-05
6266   1.00479   4.22317e-05   0.0331081   3.60987e-05
6267   1.00417   5.08462e-05   0.0330943   4.35057e-05
6270   1.0051   5.15076e-05   0.0330762   4.44141e-05
6271   1.00452   4.11462e-05   0.032987   3.52169e-05
6272   1.0045   4.211e-05   0.0329137   3.6057e-05
6273   1.00481   6.21882e-05   0.032928   5.3398e-05
6274   1.00654   0.000174269   0.0327572   0.000150233
6275   1.00602   0.000117505   0.0333428   9.97834e-05
6276   1.00619   0.00013319   0.0332397   0.000114587
6277   1.00343   4.03915e-05   0.0327676   3.45098e-05
6281   1.00374   4.20641e-05   0.032829   3.59913e-05
6282   1.00433   4.58878e-05   0.0329034   3.94113e-05
6284   1.00367   3.73424e-05   0.0328467   3.19441e-05
6285   0.99851   8.87991e-05   0.0316994   7.62803e-05
6286   0.994484   3.99641e-05   0.031282   3.43252e-05
6287   0.996147   5.12307e-05   0.0314742   4.39438e-05
6288   1.00216   9.11095e-05   0.0321968   7.68513e-05
6289   1.00246   9.05766e-05   0.0324039   7.64072e-05
6290   0.995326   4.41591e-05   0.0313579   3.81598e-05
6291   0.997236   6.31536e-05   0.0315379   5.48373e-05
6292   0.997623   3.71661e-05   0.0314749   3.21298e-05
6293   0.998899   4.53584e-05   0.0313794   3.93453e-05
6294   1.00593   0.000110829   0.0325799   9.45647e-05
6295   1.00679   7.62424e-05   0.0324612   6.46542e-05
6296   1.00613   7.91817e-05   0.0325831   6.72697e-05
6297   1.00211   6.10458e-05   0.0316767   5.26748e-05
6298   1.00139   9.31684e-05   0.0314553   8.00514e-05
6299   1.00202   2.77288e-05   0.0315805   2.38498e-05
6300   1.00168   5.26711e-05   0.0314754   4.52485e-05
6301   1.00219   3.92984e-05   0.0314609   3.37302e-05
6302   1.00278   3.97378e-05   0.0314595   3.41631e-05
6304   1.00994   0.000101524   0.0328352   8.71275e-05
6305   1.0097   8.54048e-05   0.0325372   7.33497e-05
6306   1.00263   4.68889e-05   0.0315315   4.08612e-05
6307   1.0028   2.78084e-05   0.0313386   2.42541e-05
6308   1.00415   3.29084e-05   0.0313894   2.85772e-05
6309   1.00438   3.77601e-05   0.0314972   3.27739e-05
6310   1.00279   6.37316e-05   0.031747   5.54983e-05
6311   1.01145   0.000268283   0.0325477   0.000231997
6312   1.01175   0.000210563   0.0326593   0.000180148
6313   1.00657   6.18714e-05   0.0313133   5.36167e-05
6314   1.00647   6.35392e-05   0.0313759   5.47055e-05
6315   1.00753   4.92272e-05   0.031519   4.24268e-05
6316   1.00674   4.94257e-05   0.031529   4.2761e-05
6317   1.01373   0.000155206   0.0327818   0.000132727
6318   1.01271   0.000142568   0.0327567   0.000122763
6322   1.0063   3.95993e-05   0.0314737   3.44585e-05
6323   1.00663   4.61556e-05   0.0313882   4.01663e-05
6324   1.00905   9.26817e-05   0.0380956   8.35801e-05
6325   1.01065   4.30718e-05   0.0321835   3.71096e-05
6326   1.01039   4.83359e-05   0.0321286   4.18879e-05
6327   1.01215   5.40552e-05   0.0323067   4.68029e-05
6328   1.01448   0.00013735   0.0328229   0.00011922
6329   1.01386   7.37688e-05   0.0328319   6.42119e-05
6331   1.00962   3.14705e-05   0.0319672   2.72019e-05
6332   1.0097   4.32505e-05   0.0319254   3.72958e-05
6334   1.01167   5.37691e-05   0.0323056   4.63938e-05
6335   1.01219   5.15361e-05   0.0326125   4.4377e-05
6336   1.01198   4.98704e-05   0.0326424   4.28962e-05
6337   1.01125   5.46862e-05   0.0326878   4.70884e-05
6338   1.01091   5.13913e-05   0.0326237   4.42054e-05
6339   1.01163   0.0001611   0.0324231   0.000137905
6340   1.01206   5.5515e-05   0.0326874   4.79581e-05
6341   1.01103   4.72676e-05   0.0327934   4.08963e-05
6342   1.01049   4.40593e-05   0.0327448   3.79009e-05
6343   1.01012   4.45928e-05   0.0327148   3.83458e-05
6344   1.00959   8.06043e-05   0.032759   6.9254e-05
6345   1.01066   6.76044e-05   0.0326594   5.81935e-05
6346   1.01   0.000140641   0.0326121   0.000120287
6347   1.00957   7.43909e-05   0.0326945   6.44344e-05
6348   1.00655   4.20559e-05   0.0321535   3.64325e-05
6349   1.00676   3.7459e-05   0.031987   3.24987e-05
6350   1.00722   3.85376e-05   0.0321646   3.33472e-05
6351   1.00696   4.958e-05   0.0321156   4.27008e-05
6352   1.01074   0.000146828   0.0327187   0.000125343
6353   1.01031   0.000121532   0.0328731   0.0001044
6354   1.00922   8.02516e-05   0.03252   6.90591e-05
6355   1.00429   3.84307e-05   0.0317551   3.33451e-05
6356   1.00401   3.06784e-05   0.0316452   2.64522e-05
6357   1.00511   3.45402e-05   0.0316951   2.98591e-05
6358   1.00633   4.61238e-05   0.0319239   3.96731e-05
6359   0.998556   4.60622e-05   0.0315161   4.00203e-05
6360   1.00002   5.39752e-05   0.0315465   4.69184e-05
6363   1.00847   0.000157715   0.0325459   0.000131908
6364   1.00912   9.79172e-05   0.0326847   8.30494e-05
6365   1.00859   0.00010017   0.0326056   8.52297e-05
6367   1.0008   4.6887e-05   0.0315076   4.09716e-05
6368   1.00037   4.71178e-05   0.0315347   4.09918e-05
6370   1.00185   5.14149e-05   0.0314402   4.47151e-05
6371   1.00871   9.10725e-05   0.0327689   7.71084e-05
6372   1.00898   8.43303e-05   0.0327295   7.17366e-05
6373   1.00899   7.39505e-05   0.0328067   6.28748e-05
6374   1.0087   0.000112377   0.0325919   9.65864e-05
6375   1.0017   3.51328e-05   0.0314044   3.07357e-05
6376   1.00273   2.81888e-05   0.0313865   2.46857e-05
6377   1.00525   4.28383e-05   0.0314817   3.73632e-05
6378   1.00551   3.65232e-05   0.0318067   3.16806e-05
6379   1.0059   3.61727e-05   0.031742   3.13651e-05
6380   1.00589   3.45613e-05   0.0317795   2.9891e-05
6381   1.0062   7.85287e-05   0.0319101   6.79333e-05
6382   1.01198   9.23741e-05   0.0327328   7.94681e-05
6383   1.01185   7.64844e-05   0.0327583   6.56772e-05
6385   1.01016   8.98122e-05   0.0326948   7.6501e-05
6386   1.01019   0.000146261   0.0326437   0.000125848
6387   1.00106   2.39215e-05   0.0314773   2.08933e-05
6388   1.00107   2.65496e-05   0.0315614   2.31354e-05
6389   1.00967   9.91994e-05   0.0325046   8.53048e-05
6390   1.00938   0.000100588   0.0326393   8.61563e-05
6391   1.00968   0.000121748   0.0326476   0.00010516
6393   1.00278   7.36467e-05   0.031771   6.40776e-05
6394   1.00311   4.15745e-05   0.0312354   3.65257e-05
6395   1.00283   3.6894e-05   0.0311768   3.23228e-05
6396   1.00287   6.81912e-05   0.0311249   5.9769e-05
6397   1.00404   5.71264e-05   0.0316008   4.98099e-05
6398   1.0047   4.4846e-05   0.031646   3.89319e-05
6399   1.01072   7.99584e-05   0.0323448   6.97224e-05
6400   1.00835   0.000114261   0.0322511   0.000100151
6401   1.012   0.000160801   0.0322743   0.000138911
6402   1.00922   4.21793e-05   0.032325   3.65442e-05
6403   1.00647   3.85113e-05   0.0319896   3.34495e-05
6404   1.00602   4.37447e-05   0.0318788   3.78294e-05
6405   1.01043   9.52236e-05   0.0328262   8.20738e-05
6406   1.01001   9.96928e-05   0.032529   8.6893e-05
6407   1.00902   9.2269e-05   0.0324779   7.8958e-05
6408   1.00859   7.95259e-05   0.0325445   6.82346e-05
6410   1.00758   0.000111961   0.0324024   9.59967e-05
6411   1.0065   5.10857e-05   0.0326073   4.39048e-05
6412   1.00494   5.90107e-05   0.0325005   5.06488e-05
6413   1.00441   5.53956e-05   0.032459   4.75185e-05
6415   1.00378   4.43639e-05   0.0325266   3.81081e-05
6416   1.00266   5.05062e-05   0.0324512   4.32351e-05
6417   1.00283   5.76646e-05   0.0324491   4.94877e-05
6419   1.00568   3.48125e-05   0.0329038   3.0013e-05
6421   1.00368   4.47327e-05   0.032839   3.82912e-05
6422   1.00622   5.33585e-05   0.0325741   4.57377e-05
6423   1.01152   0.000180077   0.032665   0.000154818
6425   1.0113   0.000122959   0.0325961   0.000105248
6426   1.01037   0.00016323   0.0328186   0.000139893
6427   1.01025   0.000119789   0.0326862   0.000102753
6428   1.01021   0.000113228   0.0327248   9.67683e-05
6429   1.00563   5.37638e-05   0.0326711   4.64419e-05
6430   1.00541   4.37587e-05   0.032596   3.77089e-05
6431   1.00591   6.07618e-05   0.0326307   5.20631e-05
6432   1.00651   4.93007e-05   0.0325629   4.2547e-05
6433   1.00729   5.63558e-05   0.0324595   4.85769e-05
6434   1.00775   4.15533e-05   0.0325548   3.57862e-05
6435   1.00838   4.30851e-05   0.0324455   3.7303e-05
6436   1.0082   5.53345e-05   0.032486   4.76834e-05
6439   1.00972   0.000122983   0.032712   0.000105434
6440   1.00625   0.000112503   0.032691   9.59895e-05
6441   1.00533   0.000109064   0.0325804   9.29859e-05
6442   1.00486   9.45757e-05   0.032792   8.0448e-05
6443   1.00383   5.50188e-05   0.0325115   4.71055e-05
6444   1.0029   5.22419e-05   0.0325834   4.48206e-05
6445   1.003   5.39118e-05   0.0326337   4.60461e-05
6446   1.00302   5.62647e-05   0.0325058   4.82049e-05
6447   1.0028   5.58462e-05   0.0325039   4.79845e-05
6448   1.00263   5.26668e-05   0.0324473   4.49975e-05
6449   0.992142   0.000108484   0.0414606   9.83976e-05
6450   0.99136   8.24021e-05   0.0412971   7.5675e-05
6451   0.999111   6.77997e-05   0.0325843   5.82103e-05
6452   0.998844   6.24792e-05   0.0325385   5.37935e-05
6453   0.998484   6.14097e-05   0.0325253   5.2425e-05
6454   1.00446   7.77404e-05   0.0325895   6.65194e-05
6455   1.00491   0.000160537   0.0324519   0.00013764
6456   1.00447   9.12033e-05   0.0324404   7.71102e-05
6459   0.999643   3.986e-05   0.0325503   3.42084e-05
6460   1.00193   0.000134178   0.0326472   0.000115103
6461   1.00102   4.09444e-05   0.0325356   3.49295e-05
6462   1.0018   4.22279e-05   0.0324423   3.60617e-05
6463   1.00318   0.00013328   0.0322925   0.000113755
6464   1.00239   5.02963e-05   0.032568   4.30543e-05
6465   1.00158   3.57038e-05   0.0324746   3.04132e-05
6466   1.00183   3.86695e-05   0.032383   3.29461e-05
6467   1.00201   4.48882e-05   0.0324969   3.80961e-05
6468   1.00661   0.000187593   0.0326755   0.000161978
6469   1.0071   0.000359839   0.0331214   0.000300468
6470   1.00664   0.000107265   0.0325237   9.13941e-05
6471   1.00638   0.000111304   0.0324807   9.54967e-05
6472   1.00649   9.80045e-05   0.0326082   8.33031e-05
6473   1.00489   6.32204e-05   0.0324734   5.41757e-05
6474   1.00445   0.000142274   0.0325821   0.000121556
6475   1.00452   4.9986e-05   0.0322917   4.3055e-05
6476   1.00413   5.00999e-05   0.0323354   4.30079e-05
6477   1.00404   5.02414e-05   0.0324477   4.31926e-05
6478   1.00405   5.00047e-05   0.032365   4.29131e-05
6479   1.00385   5.24142e-05   0.0323851   4.52084e-05
6482   0.991644   0.00065959   0.0407947   0.000621783
6483   0.991153   0.000720617   0.0390527   0.000680849
6484   0.994334   0.000885203   0.037473   0.000801089
6485   0.994403   0.00116149   0.0392664   0.00107403
6486   0.988929   3.31786e-05   0.0309099   2.92535e-05
6487   0.994022   9.2778e-05   0.0312621   8.00027e-05
6488   0.996051   9.73697e-05   0.0315968   8.4097e-05
6489   0.991516   2.7894e-05   0.0310361   2.44741e-05
6490   0.993485   2.62538e-05   0.0306696   2.3077e-05
6491   0.994717   5.32048e-05   0.0307536   4.67129e-05
6493   0.997683   2.62803e-05   0.0307961   2.31227e-05
6494   1.00315   8.32249e-05   0.0316518   7.21537e-05
6495   1.00279   7.32499e-05   0.0317507   6.34207e-05
6496   0.997076   4.66055e-05   0.0308379   4.04627e-05
6497   0.998792   2.93433e-05   0.0311052   2.55846e-05
6498   1.00069   3.28701e-05   0.0313044   2.87251e-05
6499   1.00126   3.75303e-05   0.0312343   3.27879e-05
6500   1.004   4.0727e-05   0.0312609   3.55277e-05
6501   1.00617   3.53903e-05   0.0314419   3.10418e-05
6502   1.00725   7.59047e-05   0.0316823   6.5753e-05
6503   1.0074   8.94072e-05   0.0317608   7.72972e-05
6504   1.007   0.000128602   0.0316365   0.000110923
6506   1.00328   3.87103e-05   0.0308705   3.38282e-05
6507   1.00308   2.17799e-05   0.0308761   1.90461e-05
6509   1.00613   3.03611e-05   0.0314028   2.63811e-05
6510   1.00747   3.7322e-05   0.0315265   3.24978e-05
6512   1.01146   8.37417e-05   0.0317643   7.34214e-05
6513   1.01202   7.5935e-05   0.0318942   6.58808e-05
6514   1.01097   5.05422e-05   0.0317885   4.43517e-05
6515   1.00799   3.64305e-05   0.0317137   3.19233e-05
6516   1.00788   5.85244e-05   0.0317113   5.13409e-05
6517   1.00725   3.63034e-05   0.0317333   3.18606e-05
6518   1.00952   0.000106576   0.0338963   9.18696e-05
6519   1.00766   4.67887e-05   0.0336832   4.03632e-05
6520   1.00853   7.22755e-05   0.0337204   6.213e-05
6521   1.01275   9.53624e-05   0.0340971   8.28917e-05
6522   1.01236   0.000106445   0.0339313   9.27468e-05
6523   1.01134   9.49254e-05   0.0340457   8.21302e-05
6524   1.0059   5.62973e-05   0.033729   4.83427e-05
6525   1.00618   6.23802e-05   0.033721   5.34439e-05
6526   1.00527   6.71929e-05   0.033601   5.76976e-05
6527   1.00477   6.03287e-05   0.0336578   5.15841e-05
6528   1.00513   3.92716e-05   0.0336662   3.36433e-05
6529   1.00481   4.67191e-05   0.0335327   3.99872e-05
6531   1.00869   8.63066e-05   0.0339807   7.43493e-05
6532   1.00896   0.000128667   0.0340424   0.000110152
6533   1.00849   0.000114356   0.0337725   9.85056e-05
6534   1.00841   0.000138225   0.033961   0.000118335
6535   1.00512   4.38132e-05   0.0337391   3.74842e-05
6536   1.00421   4.58942e-05   0.0336326   3.92531e-05
6537   0.998544   3.34478e-05   0.0327704   2.87641e-05
6538   1.00397   0.000121121   0.0326696   0.000102044
6539   1.00593   0.000114074   0.0327563   9.78412e-05
6541   1.00055   3.29318e-05   0.0322937   2.84611e-05
6542   1.00427   4.30259e-05   0.0325508   3.70431e-05
6543   1.00429   3.57924e-05   0.0324585   3.08012e-05
6544   1.00708   9.24635e-05   0.033029   7.90797e-05
6545   0.99921   2.80628e-05   0.0330394   2.40909e-05
6546   1.00635   0.00011319   0.0328255   9.58303e-05
6547   1.00677   0.000105312   0.0325965   9.03161e-05
6548   0.998282   4.07916e-05   0.0329056   3.4833e-05
6549   1.00247   3.46777e-05   0.0326919   2.98088e-05
6550   1.0042   3.28162e-05   0.0322977   2.82978e-05
6551   1.00524   3.43248e-05   0.0323531   2.96328e-05
7593   1.00363   0.000116254   0.0335234   0.000101738
7594   1.00335   7.65009e-05   0.0332267   6.67516e-05
7595   1.0054   0.000104217   0.0333433   9.17242e-05
7596   1.00584   0.000141802   0.0333184   0.000125249
7597   1.0044   9.27032e-05   0.0332224   8.05423e-05
7599   1.00469   0.000595638   0.0346934   0.000528629
7600   1.00525   0.000341121   0.0336692   0.000301151
7601   1.00591   0.000243847   0.0337007   0.000214392
7602   1.00481   0.000139018   0.0333725   0.000118813
7603   1.00446   0.000133126   0.0335563   0.000115329
7604   1.00411   0.000200223   0.0335371   0.000171823
7605   1.00394   0.00012022   0.0334394   0.000103237
7606   1.00349   0.000128659   0.0333765   0.000111433
7607   1.00356   0.000202993   0.0333284   0.000171962
7608   1.00212   3.89788e-05   0.0331358   3.3928e-05
7609   1.00251   3.86616e-05   0.033097   3.37808e-05
7610   1.00446   4.97217e-05   0.0333146   4.36569e-05
7611   1.00505   3.71476e-05   0.033233   3.25266e-05
7612   1.00628   4.13981e-05   0.033272   3.62732e-05
7613   1.00623   3.61678e-05   0.0333867   3.16939e-05
7614   1.00694   3.6499e-05   0.0333849   3.19484e-05
7615   1.00771   3.57313e-05   0.0334381   3.14194e-05
7616   1.00796   6.29428e-05   0.0333878   5.49002e-05
7617   1.00948   0.000117134   0.0336006   0.000102315
7618   1.00883   0.000111386   0.0334392   9.66591e-05
7619   1.00825   0.000133291   0.0334784   0.000114387
7620   1.00845   0.000176589   0.0333825   0.000151886
7621   1.00824   0.000213211   0.033733   0.000184471
7622   1.00785   0.000112168   0.0335352   9.69377e-05
7623   1.00641   0.000111614   0.0334882   9.59536e-05
7625   1.00655   5.59342e-05   0.0334513   4.91023e-05
7626   1.00665   5.37589e-05   0.0334836   4.70509e-05
7627   1.00647   6.17249e-05   0.033403   5.40022e-05
7628   1.0069   5.71658e-05   0.0335052   5.01783e-05
7629   1.00721   5.89157e-05   0.0335395   5.1584e-05
7630   1.00709   5.56224e-05   0.0335284   4.84473e-05
7631   1.00719   5.44917e-05   0.0334769   4.79424e-05
7632   1.00716   5.39668e-05   0.0334626   4.6999e-05
7633   1.00724   5.62782e-05   0.0335753   4.93223e-05
7634   1.00742   5.29064e-05   0.0335664   4.63565e-05
7635   1.00826   7.14028e-05   0.0334427   6.24137e-05
7636   1.007   6.79238e-05   0.0334973   5.91665e-05
7637   1.00692   0.000117842   0.0334343   0.000102894
7638   1.00751   0.000130915   0.0333768   0.000112405
7639   1.0074   0.00022217   0.0333907   0.000191614
7640   1.00687   0.000177049   0.0333788   0.000152688
7641   1.00702   0.000126684   0.0333938   0.000109601
7642   1.00606   5.50571e-05   0.0333604   4.79154e-05
7643   1.00537   5.8872e-05   0.0333766   5.14052e-05
7644   1.00519   5.46211e-05   0.0334171   4.77713e-05
7645   1.00545   8.25842e-05   0.0334136   7.21593e-05
7646   1.00504   5.61674e-05   0.0333474   4.89434e-05
7647   1.0046   6.39092e-05   0.0335031   5.5727e-05
7648   1.00417   6.16584e-05   0.0335146   5.33612e-05
7649   1.00422   6.42237e-05   0.0334381   5.60902e-05
7650   1.00387   6.22745e-05   0.0334886   5.42709e-05
7651   1.0039   5.70738e-05   0.0333454   4.96717e-05
7652   1.00369   5.55647e-05   0.0333102   4.84413e-05
7654   1.00396   0.000134271   0.0333745   0.000115052
7655   1.00353   0.000144136   0.0333298   0.000123604
7657   1.0015   0.000123859   0.03335   0.000105913
7658   1.00044   0.000122168   0.0332164   0.000104407
7659   1.0005   0.000254557   0.0331734   0.000219609
7660   0.999747   0.00017853   0.0332851   0.000154242
7661   0.998421   6.88205e-05   0.0331027   5.97593e-05
7662   0.997969   6.15298e-05   0.0331634   5.35225e-05
7663   0.997474   5.95146e-05   0.0330606   5.18195e-05
7666   0.997404   9.59889e-05   0.0331029   8.43758e-05
7667   0.997577   8.11289e-05   0.033216   7.01877e-05
7668   0.996422   6.32693e-05   0.0332022   5.54358e-05
7669   0.996211   6.25133e-05   0.033162   5.46449e-05
7670   0.995796   6.46018e-05   0.0331074   5.62001e-05
7671   1.00449   5.83016e-05   0.0365394   5.08393e-05
7672   1.00408   5.36541e-05   0.036603   4.6934e-05
7673   1.00532   0.00028723   0.036773   0.000250373
7674   1.00495   0.000411643   0.0360393   0.000342777
7675   1.00522   0.000271002   0.0365642   0.00023322
7676   1.00507   0.000247394   0.0367185   0.000215846
7677   1.00436   0.000377592   0.0367077   0.000331228
7678   1.00625   0.000754593   0.0375234   0.000635751
7679   1.00404   6.34565e-05   0.0366456   5.53189e-05
7680   1.00345   6.72423e-05   0.0365614   5.84403e-05
7681   1.0041   6.63069e-05   0.0366092   5.7956e-05
7682   1.00412   6.59063e-05   0.0365264   5.76276e-05
7684   1.00422   8.84548e-05   0.0367298   7.71735e-05
7685   1.00407   7.80043e-05   0.0365892   6.81439e-05
7686   1.00386   7.83958e-05   0.0366911   6.83817e-05
7687   1.0037   7.61947e-05   0.0366623   6.6443e-05
7688   1.00384   8.48087e-05   0.0366663   7.4092e-05
7689   1.00357   7.05788e-05   0.0366856   6.15505e-05
7690   1.00347   0.000117254   0.0365959   0.000102139
7692   1.0032   0.000106985   0.0365123   9.343e-05
7694   1.00315   0.000105564   0.0363471   9.05057e-05
7695   1.00298   0.000128191   0.0365489   0.000111089
7697   1.0027   0.00018517   0.0368757   0.000162063
7698   1.0023   0.000169744   0.0366436   0.000146563
7699   1.00091   6.06825e-05   0.0364425   5.2661e-05
7702   1.0008   6.18449e-05   0.0365148   5.37955e-05
7703   1.00184   0.000161074   0.0365879   0.000140748
7706   1.00121   7.15411e-05   0.0365206   6.20844e-05
7707   1.00165   7.71599e-05   0.0366576   6.68643e-05
7708   1.0014   7.47602e-05   0.0366232   6.5007e-05
7709   1.00117   7.32617e-05   0.0366062   6.3629e-05
7710   1.00118   0.000102795   0.03661   8.88892e-05
7711   1.00171   0.00015754   0.0363975   0.000137278
7712   1.00207   0.000219963   0.0362361   0.000189653
7713   1.00128   0.000241413   0.0365049   0.000207259
7714   1.00179   0.000240298   0.0364569   0.000208295
7715   1.00063   0.000149289   0.0366013   0.000128729
7716   0.999615   9.98075e-05   0.0364587   8.64708e-05
7717   0.999006   9.71638e-05   0.0364625   8.42305e-05
7718   0.998499   8.13757e-05   0.036421   7.02321e-05
7719   0.998325   9.01567e-05   0.0364869   7.83327e-05
7720   0.997946   8.87295e-05   0.0364472   7.73103e-05
7721   0.997472   8.39663e-05   0.0364256   7.23313e-05
7722   0.997425   8.99048e-05   0.036442   7.76978e-05
7723   1.00089   0.000143365   0.034363   0.000125267
7724   1.00032   0.000103644   0.034305   9.00658e-05
7725   1.00098   0.000204643   0.0342413   0.000175143
7727   1.00101   0.00012364   0.0347393   0.000105544
7728   1.00117   0.000149961   0.0345438   0.000128532
7729   1.00156   0.000132797   0.0342879   0.00011645
7730   1.00092   0.000101254   0.0342855   8.8231e-05
7733   1.00102   0.000116761   0.0343356   0.000101818
7735   1.00039   6.61042e-05   0.0343161   5.82816e-05
7736   1.00049   6.19358e-05   0.0344959   5.40646e-05
7737   1.00242   5.61228e-05   0.0343246   4.9098e-05
7738   1.00264   5.42051e-05   0.0344141   4.771e-05
7739   1.00389   0.00016715   0.0345848   0.000145861
7740   1.00367   5.02698e-05   0.0343611   4.40424e-05
7741   1.00486   8.82108e-05   0.0342953   7.75401e-05
7742   1.00538   0.000231946   0.0343844   0.000201899
7743   1.00476   9.4882e-05   0.0344006   8.22358e-05
7747   1.00491   0.000180807   0.0345914   0.000157638
7748   1.00399   0.000116784   0.0343797   0.000100695
7749   1.00339   0.0002116   0.0346399   0.000180358
7750   1.00365   0.000216969   0.0345115   0.000190885
7751   1.00176   0.000119591   0.0343578   0.000102429
7752   1.0011   0.000110974   0.03439   9.61096e-05
7753   1.00027   9.79139e-05   0.0342961   8.51373e-05
7754   0.999656   6.8977e-05   0.0342539   5.98383e-05
7755   1.00014   9.73011e-05   0.0342347   8.45936e-05
7757   0.999565   4.88767e-05   0.0343249   4.26822e-05
7758   0.999745   4.36972e-05   0.0342933   3.81484e-05
7759   1.00053   4.95519e-05   0.0343158   4.32534e-05
7760   1.00076   8.60597e-05   0.0341224   7.53096e-05
7762   1.00126   0.000203027   0.0342014   0.000175245
7763   1.0023   9.85919e-05   0.0342094   8.59196e-05
7765   1.00118   0.000129558   0.0342143   0.000112558
7766   1.00083   9.44627e-05   0.0344213   8.25475e-05
7768   1.0004   8.20693e-05   0.0343506   7.16318e-05
7769   1.0004   0.000100587   0.0343623   8.74666e-05
7770   1.00009   0.000120556   0.0343454   0.000105866
7771   0.999526   0.000113289   0.0343746   9.887e-05
7772   0.999187   9.3484e-05   0.0341945   8.0424e-05
7773   0.998625   9.58265e-05   0.0344644   8.21031e-05
7774   0.998937   0.00012339   0.033935   0.000106743
7775   0.997171   6.14167e-05   0.034254   5.37073e-05
7776   0.99708   6.46278e-05   0.0341917   5.66143e-05
7777   0.996463   6.02254e-05   0.0341721   5.23612e-05
7778   0.997275   8.32881e-05   0.0343093   7.25017e-05
7779   0.99706   8.44339e-05   0.034337   7.36206e-05
7781   0.996541   8.275e-05   0.0343846   7.23134e-05
7782   0.996047   7.25146e-05   0.0342987   6.32401e-05
7783   0.995959   6.78006e-05   0.0342433   5.92318e-05
7784   0.995588   6.62163e-05   0.0343011   5.76495e-05
7785   0.995373   6.46957e-05   0.0341712   5.6563e-05
7786   0.995265   6.69259e-05   0.0342167   5.83932e-05
7787   0.995143   8.20897e-05   0.0342258   7.16769e-05
7790   0.995441   0.000133062   0.0341851   0.000115314
7791   0.99653   0.000310997   0.0341259   0.000266575
7792   0.995683   0.000153084   0.034248   0.000132865
7793   1.00404   0.000146248   0.0355629   0.000128424
7794   1.00365   0.000146805   0.0353543   0.000127024
7796   1.00164   6.80798e-05   0.0352849   5.96874e-05
7797   1.00258   7.02151e-05   0.0352797   6.17503e-05
7798   1.00272   5.37891e-05   0.0354276   4.70069e-05
7799   1.00317   5.47609e-05   0.0354475   4.8039e-05
7800   1.00488   9.51086e-05   0.0354764   8.31442e-05
7801   1.00547   0.000134025   0.0356623   0.000117624
7802   1.00544   0.00015399   0.0356022   0.000134562
7803   1.00502   0.000152372   0.0353528   0.000132143
7804   1.00514   0.000152478   0.0355369   0.000131656
7805   1.00386   5.87062e-05   0.0354299   5.13521e-05
7806   1.00378   5.38551e-05   0.0354217   4.7237e-05
7807   1.00451   7.52181e-05   0.0353086   6.62908e-05
7808   1.00438   7.37331e-05   0.035366   6.4986e-05
7809   1.00395   7.87801e-05   0.0353976   6.91849e-05
7811   1.00485   0.000133606   0.0352699   0.000116909
7812   1.00452   0.000122129   0.0354001   0.000105866
7813   1.0044   6.28723e-05   0.0355254   5.51994e-05
7814   1.00377   5.43654e-05   0.0352878   4.76735e-05
7815   1.00368   7.21949e-05   0.0354709   6.31934e-05
7816   1.00377   6.96611e-05   0.0354636   6.13816e-05
7817   1.00336   6.47916e-05   0.0353707   5.6688e-05
7820   1.00355   0.000119289   0.0354932   0.000103512
6552   1.00982   0.000126525   0.0330867   0.000108736
