6065   0.999954   9.03888e-05   0.0379813   8.20337e-05
6066   1.00012   0.000118767   0.0378628   0.000107516
6067   0.989923   0.00025488   0.0370385   0.000234049
6068   1.00508   9.96292e-05   0.0386431   9.18223e-05
6070   1.0041   0.000100379   0.0383824   9.18924e-05
6071   1.00424   0.000113344   0.038337   0.000104225
6073   1.00444   8.97242e-05   0.0408077   8.43941e-05
6080   0.993657   0.000279905   0.0387035   0.000255414
6081   1.00585   0.0002717   0.041365   0.00025956
6082   1.0037   0.000124163   0.0407431   0.000116162
6083   1.00354   0.000114126   0.0406481   0.000107155
6084   1.00128   0.000163611   0.0426079   0.000153128
6085   1.00239   0.000274328   0.0424643   0.000257485
6086   1.00281   0.000176543   0.0429032   0.00016541
6087   0.994542   0.000298641   0.0410598   0.000269696
6088   1.0028   0.000219757   0.0433802   0.000209169
6089   1.0025   0.000213358   0.0429997   0.000202723
6090   1.00229   0.000216661   0.0429727   0.000205887
6091   1.00141   0.000334263   0.0450413   0.000305716
6093   1.00172   0.000357807   0.0457338   0.000336075
6094   1.00155   0.00101744   0.0462859   0.000989506
6095   1.00347   0.00100323   0.0451375   0.000942903
6096   1.00202   0.000395549   0.0447882   0.000364296
6097   0.996502   0.00120032   0.04646   0.00120251
6098   0.996759   0.00043685   0.0440925   0.00039979
6099   1.00161   0.000369024   0.0449296   0.000346663
6101   0.999177   0.00041266   0.0441704   0.000377464
6102   0.999247   0.00031742   0.0447548   0.000297029
6103   0.999022   0.00048762   0.0446347   0.000444
6104   0.999591   0.000448855   0.0412535   0.000405978
6105   0.998702   0.000481676   0.0415866   0.000442713
6106   0.998832   0.00067714   0.0422569   0.000651716
6109   0.997088   0.00120063   0.042683   0.0010521
6110   0.996407   0.00117898   0.0416877   0.00109946
6111   1.00289   0.000401347   0.0420795   0.000375911
6112   1.0014   0.000359338   0.0421394   0.000336269
6114   1.00075   0.000620834   0.0413553   0.000573237
6115   1.00195   0.000319035   0.0448536   0.000299781
6116   1.00174   0.000385369   0.0439207   0.000359852
6117   0.997798   0.0004722   0.0431408   0.000421782
6118   0.999061   0.000408911   0.0433985   0.000366197
6119   0.992905   0.00128869   0.0454205   0.00120293
6120   0.994211   0.001516   0.0459631   0.00146505
6121   1.00036   0.000666747   0.0426439   0.000588772
6122   1.00199   0.000346179   0.0454842   0.000323215
6123   1.00076   0.000292371   0.0452327   0.000268258
6124   1.00296   0.000270431   0.0453532   0.000255024
6125   1.00327   0.000281863   0.0451784   0.000262916
6126   1.00072   0.000602517   0.0446908   0.000544193
6127   0.992623   0.0015425   0.0434077   0.00130226
6128   0.991122   0.00111081   0.045923   0.00105578
6129   0.993282   0.00268422   0.0506041   0.00250158
6130   0.992906   0.00235602   0.0496932   0.00236115
6132   0.999858   0.00164993   0.0485617   0.00157558
6133   0.996515   0.00651395   0.0540926   0.0072652
6135   0.989582   0.00335294   0.0473728   0.00396508
6136   1.00251   0.000519064   0.0494002   0.000496403
6137   1.00244   0.000528874   0.0502185   0.000528229
6138   1.00249   0.000550211   0.0496524   0.00054263
6139   1.00242   0.000448763   0.0496238   0.000439011
6140   1.00412   0.000478481   0.0501987   0.000481279
6141   1.0042   0.000453242   0.0501277   0.000454302
6237   1.00086   0.000288076   0.0385713   0.000260686
6240   1.00075   0.000213316   0.0383867   0.000194232
6241   1.00008   0.000243539   0.0388129   0.000219085
6242   0.994219   0.000659637   0.0388458   0.000615071
6243   0.993385   0.000742436   0.0390582   0.000655969
6244   0.995195   0.000820751   0.0385085   0.000737093
6245   1.00582   0.000157121   0.0388499   0.000145528
6246   1.00547   0.000228755   0.0387703   0.000207894
6247   1.0059   0.000177228   0.0392177   0.000162984
6248   1.00435   0.000234206   0.042589   0.0002221
6249   1.00358   0.000203661   0.0422312   0.000192746
6250   1.00372   0.000192357   0.0424592   0.000183314
6251   0.990784   0.000732396   0.0411912   0.000680388
6252   0.99205   0.000799244   0.040893   0.000733402
6253   0.999794   0.000261816   0.0414971   0.000241417
6254   0.999573   0.000262989   0.0406505   0.000245267
6255   1.00001   0.000259488   0.0414051   0.000239618
6256   0.999851   0.000325391   0.042541   0.000301347
6257   1.00028   0.000225153   0.0430855   0.000208839
6258   0.999746   0.000491129   0.0424104   0.00044361
6259   1.00128   0.00027374   0.043396   0.000256764
6260   1.00069   0.000460091   0.042553   0.000417884
6261   0.989513   0.000680235   0.0416248   0.000592825
6262   0.991013   0.000776323   0.0417639   0.000685676
6263   1.0011   0.000352434   0.0439209   0.000331151
6264   1.00095   0.000363905   0.0433962   0.0003383
6265   1.00072   0.000368619   0.0435826   0.000346427
6266   1.00227   0.000260108   0.0434443   0.000242741
6267   1.00273   0.000312752   0.0431904   0.000292173
6270   1.0017   0.000498085   0.0459386   0.000471713
6271   1.00256   0.000403042   0.046026   0.000386713
6272   1.00272   0.000410635   0.0458472   0.000388298
6273   1.00375   0.000622589   0.0465516   0.000586538
6274   0.992568   0.00159404   0.0468676   0.00148559
6275   0.993186   0.00115617   0.0453719   0.00104353
6276   0.994185   0.00129256   0.044268   0.00109649
6277   1.00399   0.000419145   0.045388   0.000382272
6281   1.00407   0.000438781   0.0456363   0.0004144
6282   1.00477   0.00048828   0.0461497   0.000463705
6284   1.00402   0.000392249   0.0457724   0.000367801
6285   0.999197   0.000770242   0.039866   0.000664533
6286   0.998165   0.000347562   0.0407638   0.000324465
6287   0.999158   0.000438197   0.0403584   0.000399668
6288   0.993093   0.00110884   0.0415628   0.000943348
6289   0.995959   0.00107993   0.0409688   0.000936332
6290   1.00314   0.000259719   0.0416445   0.000237827
6291   1.00249   0.000370288   0.0417196   0.000349091
6292   1.00285   0.000291613   0.0434378   0.000266167
6293   1.00175   0.000354804   0.0431668   0.000328066
6294   0.991306   0.00177109   0.0395696   0.00154888
6295   0.993995   0.00134213   0.0417619   0.00116992
6296   0.988703   0.00152437   0.0451463   0.00142217
6297   0.99647   0.000468528   0.0427779   0.000430581
6298   0.995768   0.000728729   0.0433687   0.000654934
6299   0.995595   0.000431083   0.0419652   0.000387444
6300   0.99818   0.000564455   0.044578   0.000516548
6301   0.999115   0.0004168   0.0446772   0.000383682
6302   0.998503   0.000428603   0.0453051   0.000394537
6304   0.990678   0.00163853   0.0448977   0.00144431
6305   0.989989   0.00145191   0.0448292   0.00136339
6306   1.00318   0.000615706   0.0459634   0.000575757
6307   1.00244   0.000310947   0.0454878   0.000288212
6308   1.00197   0.000366883   0.0453264   0.000335454
6347   1.00493   0.00507038   0.0517674   0.00552921
6348   1.00434   0.000726924   0.0493953   0.000712623
6349   1.00377   0.000681081   0.0505407   0.000685927
6350   1.00358   0.000653856   0.0484227   0.00064563
6351   1.00441   0.00089265   0.0502591   0.000897748
6352   0.991473   0.0023789   0.0474213   0.00221566
6353   0.994811   0.00252469   0.0492598   0.00237129
6354   0.991557   0.00161854   0.0472226   0.00146537
6355   1.00422   0.000637446   0.050697   0.000631463
6356   1.00493   0.000494114   0.0493243   0.000489242
6357   1.00509   0.000554132   0.049644   0.000540138
6358   1.00391   0.000746463   0.0499046   0.000742837
6359   1.00205   0.000348039   0.0432952   0.000320471
6360   1.00116   0.000399995   0.0427424   0.000366921
6363   0.991134   0.00362974   0.0404469   0.00340385
6364   0.997211   0.00221338   0.0431819   0.00195824
6365   0.995343   0.00269993   0.0461061   0.00271511
6367   1.00144   0.00046204   0.0446885   0.000434532
6368   1.00087   0.000446969   0.0435009   0.000393279
6370   1.00079   0.000491677   0.0437195   0.000452242
6371   0.988791   0.00225839   0.0442472   0.00203979
6372   0.991389   0.00229118   0.0479992   0.00232495
6373   0.990148   0.00199733   0.0454939   0.00189789
6374   0.990635   0.00305575   0.0438528   0.0026213
6375   1.0036   0.000498092   0.0470776   0.000471417
6376   1.00278   0.000393335   0.0466212   0.000367908
6377   1.00383   0.000591716   0.0465478   0.00056099
6378   1.00255   0.000804863   0.0518747   0.000809959
6379   1.00388   0.000811819   0.052641   0.00083275
6380   1.00479   0.000789592   0.0530812   0.000817647
6381   1.00608   0.00182287   0.0528757   0.00185615
6382   0.997614   0.00295961   0.0494249   0.00288246
6383   0.995836   0.00261159   0.0520899   0.0024272
6482   1.01627   0.000931616   0.0396879   0.000874794
6483   1.00894   0.00116976   0.0443319   0.00110625
6484   1.0067   0.00143756   0.0443629   0.00143905
6485   1.00039   0.00185184   0.0454473   0.00173358
6486   1.00212   0.000228874   0.0424976   0.000209124
6487   0.994694   0.00146475   0.0418209   0.00121965
6488   0.987908   0.00179391   0.0448596   0.00180829
6489   1.00198   0.000271249   0.0452863   0.000252763
6490   1.00274   0.000363771   0.0468738   0.000342364
6491   1.00272   0.000738849   0.0469644   0.00070447
6493   1.00327   0.000361167   0.0466024   0.000338749
6494   0.989547   0.00172306   0.046188   0.00151672
6495   0.980198   0.00195462   0.0512351   0.00198011
6496   0.990412   0.000962052   0.0507507   0.000908327
6497   0.991751   0.000614819   0.0518362   0.000620168
6498   0.991804   0.000680114   0.0514063   0.000688339
6499   0.992032   0.00074684   0.0503899   0.000727722
6514   0.990615   0.00356412   0.0523962   0.00372105
6515   0.992542   0.00274729   0.053608   0.00276869
6516   0.994043   0.00458951   0.0556807   0.00572597
6517   0.990306   0.00262393   0.0531256   0.00299014
6522   0.992282   0.00077012   0.0385125   0.000721686
6523   0.991293   0.000682986   0.0377949   0.00063815
6524   1.00479   0.000153747   0.0387255   0.000139706
6525   1.00508   0.000169284   0.038536   0.000153287
6526   1.00507   0.000182343   0.038364   0.000165652
6527   1.00279   0.0002398   0.0406956   0.00022365
6528   1.00277   0.000157922   0.0410928   0.000148949
6529   1.00271   0.000188253   0.0410344   0.000178859
6531   0.987655   0.000735909   0.039377   0.000676922
6532   0.988961   0.00106849   0.0386671   0.000997994
6545   1.00408   0.000102834   0.0406606   9.57462e-05
6546   0.986631   0.000702185   0.040182   0.000700117
6547   0.98954   0.000748446   0.040817   0.000689146
6548   1.00183   0.000208197   0.0431624   0.000198394
6549   1.00201   0.000177958   0.0432004   0.000172188
6550   1.00237   0.000246416   0.0446205   0.000235155
6551   1.00307   0.000257621   0.0447156   0.000244273
7593   1.00309   0.000667356   0.0422453   0.00062952
7594   1.00118   0.000440529   0.0423295   0.000407578
7595   1.00222   0.000607905   0.0425765   0.000578118
7596   1.0023   0.000804403   0.0418367   0.000735275
7597   1.00211   0.000529202   0.0419241   0.000494252
7599   1.00248   0.0147672   0.0489302   0.0127073
7600   0.997726   0.00699415   0.0396722   0.00629864
7601   0.99697   0.00405289   0.0437011   0.00335255
7602   0.999128   0.00224042   0.0428748   0.00200952
7603   0.998308   0.0023749   0.0447946   0.00215232
7604   1.00308   0.00342297   0.0438632   0.00312984
7605   0.991892   0.00230346   0.0440535   0.00206118
7606   0.990299   0.00252118   0.043652   0.00218044
7607   0.99284   0.00304749   0.0381216   0.0025367
7608   1.00081   0.000473024   0.0446016   0.000438573
7609   1.00162   0.000465207   0.0442931   0.000439586
7610   1.00339   0.000605688   0.0444741   0.000558927
7611   0.999424   0.00057093   0.0471895   0.000536622
7612   1.00052   0.000626779   0.046699   0.000598286
7613   1.00086   0.000563663   0.0475983   0.000543123
7614   1.00155   0.000549588   0.0463314   0.00052429
7615   1.00155   0.000541739   0.0469644   0.000526849
7616   1.00332   0.000967907   0.0474065   0.000895557
7617   0.990093   0.0027478   0.0475556   0.00264591
7618   0.993738   0.00218387   0.0425802   0.00193133
7619   0.987129   0.00297433   0.0439926   0.0024257
7620   0.991456   0.00441781   0.0461858   0.00456514
7621   0.978545   0.0066904   0.0501212   0.00857469
7622   0.983401   0.00350451   0.0520832   0.00350884
7623   0.983802   0.00300879   0.0491057   0.00258085
7625   0.997845   0.00105517   0.0530516   0.00111259
7626   0.996203   0.0009707   0.0518005   0.00101184
7627   0.999524   0.00110474   0.0509376   0.0011106
7628   1.00083   0.000998618   0.0510675   0.00101644
7629   1.00184   0.00106658   0.0520202   0.00112709
7630   1.00043   0.00101651   0.0521684   0.00102556
7631   1.00175   0.000998984   0.0520744   0.00102627
7632   1.00297   0.00100017   0.0530284   0.00102654
7633   1.00209   0.00101347   0.0519785   0.00107018
7634   1.00365   0.0010038   0.0531798   0.00107678
7671   1.00298   0.000208942   0.0452398   0.000207516
7672   1.00337   0.000195324   0.0456292   0.000194397
7673   0.989411   0.000754572   0.0405646   0.000711407
7674   0.9908   0.00112599   0.0403877   0.00105176
7675   0.98745   0.00102374   0.0416776   0.000907717
7676   0.987054   0.000912388   0.0416075   0.000820732
7677   0.985844   0.00146657   0.0430074   0.00143081
7678   0.990108   0.00406724   0.047926   0.00406394
7679   0.999702   0.000342566   0.0478047   0.000347989
7680   0.999185   0.000358805   0.0475443   0.00036848
7681   1.00059   0.000347803   0.047233   0.000349591
7682   1.0009   0.000355598   0.0480127   0.000359547
7684   0.999474   0.000672285   0.0474493   0.00064044
7685   0.999044   0.000677963   0.04848   0.000665343
7686   0.998684   0.000686673   0.0488283   0.000688257
7687   1.00112   0.000666004   0.0477455   0.000636986
7688   1.00206   0.000761452   0.0490277   0.000768309
7689   1.00211   0.000617718   0.0479641   0.000607522
7690   1.00231   0.00106889   0.0493436   0.00101417
7692   1.0015   0.000899121   0.0473221   0.000891287
7694   0.990481   0.000931023   0.0455341   0.000869895
7695   0.994144   0.00114788   0.0454288   0.0010499
7723   1.00784   0.000801134   0.0401959   0.000714182
7724   1.01016   0.000450332   0.0395591   0.000394144
7725   1.00043   0.00217463   0.0379742   0.00168653
7727   0.996269   0.0013622   0.0422449   0.00122087
7728   0.997774   0.00167462   0.0420256   0.00163383
7729   0.999931   0.00120527   0.0407929   0.00111663
7730   1.00054   0.000618588   0.0433642   0.000585471
7733   1.00068   0.000680892   0.0420325   0.000614104
7735   1.00376   0.000375497   0.0440103   0.000358568
7736   1.00332   0.000341845   0.0431137   0.000323735
7737   1.00198   0.000448421   0.046116   0.000434049
7738   1.00073   0.000426346   0.0457882   0.000408672
7739   1.00191   0.00127168   0.0455472   0.00120909
7740   1.00097   0.000407619   0.0468268   0.000402111
7741   0.995505   0.000671383   0.0437374   0.000621199
7742   0.996479   0.00176859   0.0422505   0.00167243
7743   0.995129   0.000778195   0.0432618   0.000734967
7747   0.9949   0.00236024   0.0407984   0.00198164
7748   0.991482   0.00152716   0.0416951   0.00133264
7749   0.986719   0.00309951   0.0427656   0.00271898
7750   0.984876   0.00389332   0.0465688   0.0033459
7751   0.991571   0.00209906   0.0454834   0.00187769
7752   0.989171   0.00194305   0.0463671   0.001747
7753   0.996895   0.00155663   0.0480245   0.00153653
7754   0.995467   0.000796406   0.0483764   0.000769181
7755   0.997093   0.00112668   0.0481841   0.00106334
7757   1.00113   0.000593699   0.0485395   0.000581331
7758   1.00213   0.000541387   0.0494592   0.000542479
7759   1.0026   0.000576336   0.0471926   0.00055391
7793   0.992753   0.00115944   0.0405916   0.00106607
7794   0.992993   0.00119329   0.0407619   0.00106647
7796   1.0035   0.000276259   0.0433379   0.000264466
7797   1.00379   0.000287378   0.0436688   0.00027672
7798   1.00162   0.000329073   0.0467285   0.000326252
7799   1.00126   0.000331725   0.0464416   0.000329708
7800   0.994372   0.000532118   0.0443137   0.000516469
7801   0.988358   0.00130331   0.0427908   0.00119185
7802   0.98881   0.00144951   0.0416973   0.00134688
7803   0.989264   0.00186361   0.0452915   0.00173035
7804   0.990598   0.00182826   0.0441648   0.00182875
7805   1.0023   0.000547861   0.0475514   0.000544408
7806   1.00154   0.000508973   0.0475339   0.000496029
7807   1.00186   0.00069737   0.0468413   0.000680753
