#RunNum cut_cur    charge    PTRIG3_R    Elclean_R  Elreal_R    comp_lt    comp_lt_err    tr_eff    tr_eff_err    yield_elR    yield_elR_err    yield_elc    yield_elc_err    yield_clt_notrack    yield_clt_notrack_err    yield_clt_track    yield_clt_track_err    
#5342    19.7405    6798.08    6.03231    4.66223    6.03426    0.768936    0.000292453    0.998135    5.37782e-05    305.679    0.212051     236.175    0.186391    202.385     0.196766    138.913    0.163169    
#5343    34.8104    16404.5    10.5729    8.1487     10.5771    0.433119    0.000221986    0.998156    4.60608e-05    303.848    0.136097     234.088    0.119456    201.074     0.168226    138.067    0.139528    
#5344    49.8259    16782.6    15.101     11.622     15.108     0.303785    0.000203916    0.998036    5.62289e-05    303.216    0.134415     233.252    0.117892    200.563     0.198342    137.613    0.164454    
#5346    65.2885    16173.5    19.6841    15.1272    19.6944    0.229568    0.00019045     0.997893    6.8502e-05     301.652     0.136569    231.697    0.11969     199.467     0.23178     136.852    0.192188    
#5359    39.8127    12658.8    2.30193    1.77236    2.30258    0.991942    0.000104504    0.998251    7.76821e-05    57.8353    0.0675927    44.5176    0.059302    37.9568     0.05498     26.0996    0.0456307    
#//////////////////////////////////////////////////d2
5342    19.7405    6798.08    6.03231    4.66223     6.03426    0.768936    0.000292453    0.998135    5.37782e-05    291.509    0.212548    225.265    0.186956    193.095    0.197226    132.519    0.163551    
5343    34.8104    16404.5    10.5729    8.1487      10.5771    0.433119    0.000221986    0.998156    4.60608e-05    289.678    0.137101    223.178    0.120336    191.784    0.168764    131.673    0.139975    
5344    49.8259    16782.6    15.101     11.622      15.108     0.303785    0.000203916    0.998036    5.62289e-05    289.046    0.135431    222.342    0.118783    191.273    0.198798    131.219    0.164833    
5346    65.2885    16173.5    19.6841    15.1272     19.6944    0.229568    0.00019045     0.997893    6.8502e-05     287.482    0.137569    220.787    0.120569    190.177    0.232171    130.458    0.192513    
