//pcal_efficiency.txt is the run num, x val, eff, and err values for 4 settings at z = 0.7, 0.6, 0.5, 0.4 with 5 bins in each. So, there are 20 points.

6145		0.62		0.960368		0.0305405
6145		0.66		0.96845			0.0242571
6145		0.7		0.959933		0.0223406
6145		0.74		0.956517		0.0220511
6145		0.78		0.954662		0.0234405
6170		0.52		0.94798			0.0344675
6170		0.56		0.959373		0.0264471
6170		0.6		0.958448		0.0235511
6170		0.64		0.960171		0.0243637
6170		0.68		0.959104		0.0294502
6179		0.42		0.959473		0.0468319
6179		0.46		0.952218		0.0268842
6179		0.5		0.955374		0.0232546
6179		0.54		0.94982			0.0240407
6179		0.58		0.95717			0.0330906
6185		0.36		0.949522		0.028606
6185		0.4		0.951311		0.0224804
6185		0.44		0.962963		0.0242564
6185		0.48		0.954741		0.0365519
