//runs = 365
6065, 6066, 6067, 6068, 6070, 6071, 6073, 6080, 6081, 6082, 6083, 6084, 6085, 6086, 6087, 6088, 6089, 6090, 6091, 6093, 6094,
6095, 6096, 6097, 6098, 6099, 6101, 6102, 6103, 6104, 6105, 6106, 6109, 6110, 6111, 6112, 6114, 6115, 6116, 6117, 6118, 6119, 
6120, 6121, 6122, 6123, 6124, 6125, 6126, 6127, 6128, 6129, 6130, 6132, 6133, 6135, 6136, 6137, 6138, 6139, 6140, 6141, 6192,
6193, 6194, 6195, 6196, 6197, 6198, 6199, 6200, 6201, 6202, 6203, 6204, 6205, 6208, 6209, 6210, 6211, 6212, 6213, 6214, 6215,
6216, 6217, 6219, 6220, 6221, 6222, 6223, 6224, 6225, 6237, 6240, 6241, 6242, 6243, 6244, 6245, 6246, 6247, 6248, 6249, 6250,
6251, 6252, 6253, 6254, 6255, 6256, 6257, 6258, 6259, 6260, 6261, 6262, 6263, 6264, 6265, 6266, 6267, 6270, 6271, 6272, 6273, 
6274, 6275, 6276, 6277, 6281, 6282, 6284, 6285, 6286, 6287, 6288, 6289, 6290, 6291, 6292, 6293, 6294, 6295, 6296, 6297, 6298, 
6299, 6300, 6301, 6302, 6304, 6305, 6306, 6307, 6308, 6309, 6310, 6311, 6312, 6313, 6314, 6315, 6316, 6317, 6318, 6322, 6323, 
6324, 6325, 6326, 6327, 6328, 6329, 6331, 6332, 6334, 6335, 6336, 6337, 6338, 6339, 6340, 6341, 6342, 6343, 6344, 6345, 6346, 
6347, 6348, 6349, 6350, 6351, 6352, 6353, 6354, 6355, 6356, 6357, 6358, 6359, 6360, 6363, 6364, 6365, 6367, 6368, 6370, 6371, 
6372, 6373, 6374, 6375, 6376, 6377, 6378, 6379, 6380, 6381, 6382, 6383, 6482, 6483, 6484, 6485, 6486, 6487, 6488, 6489, 6490, 
6491, 6493, 6494, 6495, 6496, 6497, 6498, 6499, 6514, 6515, 6516, 6517, 6522, 6523, 6524, 6525, 6526, 6527, 6528, 6529, 6531, 
6532, 6545, 6546, 6547, 6548, 6549, 6550, 6551, 7593, 7594, 7595, 7596, 7597, 7599, 7600, 7601, 7602, 7603, 7604, 7605, 7606, 
7607, 7608, 7609, 7610, 7611, 7612, 7613, 7614, 7615, 7616, 7617, 7618, 7619, 7620, 7621, 7622, 7623, 7625, 7626, 7627, 7628, 
7629, 7630, 7631, 7632, 7633, 7634, 7671, 7672, 7673, 7674, 7675, 7676, 7677, 7678, 7679, 7680, 7681, 7682, 7684, 7685, 7686, 
7687, 7688, 7689, 7690, 7692, 7694, 7695, 7723, 7724, 7725, 7727, 7728, 7729, 7730, 7733, 7735, 7736, 7737, 7738, 7739, 7740,
7741, 7742, 7743, 7747, 7748, 7749, 7750, 7751, 7752, 7753, 7754, 7755, 7757, 7758, 7759, 7793, 7794, 7796, 7797, 7798, 7799, 
7800, 7801, 7802, 7803, 7804, 7805, 7806, 7807

