
//86 runs
{ 6068, 6070, 6071, 6073, 6081, 6088 ,6089, 6090 , 6091 ,6093 ,6096, 6545, 6548, 6549,  6550 ,6551, 6111, 6112, 6114  ,6115,
6116 ,6124 ,6125, 6136 ,6137 ,6138,  6486,  6489  ,6490 , 6493, 6245, 6246, 6247 ,6248 ,6249 ,6250, 6263, 6264 ,6265, 6266,
6267 , 6070, 6271, 6272, 6263, 6451, 6452, 6453, 6459, 6460, 6465, 6466, 6467, 6473, 6474, 6475, 6476, 6477, 6478, 6479,
6290,6291, 6292, 6293, 6306, 6307 ,6308, 6348, 6349, 6350, 6351, 6359, 6360, 6367, 6370,  6375,  6378, 6379, 6380, 6381, 
6324, 6325, 6326,  6527, 6528, 6529};


//53 runs

 {7593, 7594, 7595, 7596, 7597,  7608, 7609 ,7610, 7611 ,7612, 7613, 7614, 7615 ,7625 ,7626, 7627, 7628, 7629 ,7630 ,
 7631, 7632, 7633, 7634, 7671, 7672, 7679, 7680, 7681, 7682,  7684 ,7685, 7686, 7687, 7688, 7689, 7690, 7692 , 7724 ,
 735 ,7736, 7737, 7738, 7740,  7757, 7758, 7759, 7796, 7797 ,7798, 7799, 7805, 7806, 7807};
  
