#Ptrig1 rate is not correct
Run        I_nocut    I_cut         f=I_nocut/I_cut edtm_trig edtm_trigacc  ratio_edtm(r) [r-(1-f)]/f Err     ptrig1_rate
  6020      27.0664      30.0554      0.900552      13496      13223      0.979772      0.977538      0.00121182      450.003
  6021      24.1398      30.1723      0.800065      26773      26265      0.981026      0.976284      0.000833825      0.0101425
  6022      32.073      40.0918      0.79999      20923      20827      0.995412      0.994265      0.000467211      89.2144
  6026      28.1208      38.6248      0.72805      27116      27009      0.996054      0.99458      0.000380722      0.0121153
  6027      30.0936      39.2435      0.766844      32614      32416      0.993929      0.992083      0.000430136      0.00840904
  6028      34.3388      39.4219      0.87106      11583      11513      0.993957      0.993062      0.000720131      0
  6029      8.04949      17.4476      0.461353      4673      4618      0.98823      0.974489      0.00157766      0.012716
  6030      10.1113      15.3376      0.659246      35779      35352      0.988066      0.981897      0.000574088      0.0103956
  6031      13.4505      15.8838      0.846808      19823      19534      0.985421      0.982784      0.000851315      0.0104184
  6032      14.6031      16.131      0.905281      18083      17795      0.984073      0.982407      0.000930978      436.059
  6043      9.08382      10.0802      0.901155      23587      23197      0.983465      0.981652      0.000830308      475.657
  6044      9.82028      10.1115      0.971204      31409      30863      0.982616      0.982101      0.000737453      466.494
  6045      8.80194      10.1013      0.871366      10003      9854      0.985104      0.982906      0.00121117      476.477
  6046      34.3917      40.2964      0.853469      27363      27117      0.99101      0.989466      0.000570615      273.873
  6049      5.85134      6.05839      0.965825      5684      5580      0.981703      0.981056      0.00177768      492.56
  6050      5.8903      6.04927      0.97372      21404      21013      0.981732      0.981239      0.000915356      0.0107545
  6051      4.80689      6.05896      0.793353      20403      20116      0.985933      0.982269      0.000824462      477.432
  6052      5.39891      6.04904      0.892522      34844      34302      0.984445      0.982572      0.00066293      487.951
  6053      4.64117      6.05266      0.766798      19223      18944      0.985486      0.981072      0.000862594      478.616
  6054      6.50101      7.07204      0.919255      88228      86564      0.98114      0.979483      0.000457969      559.815
  6055      6.60481      7.09365      0.931087      17923      17567      0.980137      0.978667      0.00104222      567.676
  6056      36.699      40.2831      0.911027      29801      29335      0.984363      0.982836      0.000718687      0.0143658
  6057      35.6724      40.3802      0.883413      30804      30333      0.98471      0.982692      0.000699129      475.391
  6058      38.301      40.6685      0.941784      21844      21511      0.984756      0.983813      0.000828999      0.0114612
  6067      36.162      40.2579      0.898256      30007      29886      0.995968      0.995511      0.000365841      66.2073
  6068      36.989      45.0805      0.820511      12881      12616      0.979427      0.974927      0.00125072      500.733
  6070      43.3798      45.3611      0.956321      10597      10312      0.973106      0.971877      0.00157152      491.149
  6071      44.5731      45.519      0.97922      8051      7847      0.974662      0.974124      0.00175143      491.849
  6080      37.8328      40.3966      0.936535      32653      32466      0.994273      0.993885      0.00041759      0.0129888
  6081      25.0756      28.0973      0.892454      4939      4844      0.980765      0.978447      0.00195436      0.0198291
  6087      31.7652      39.3058      0.808155      46968      46677      0.993804      0.992334      0.000362072      0.0123032
  6088      11.4558      16.3453      0.700865      31528      31099      0.986393      0.980585      0.000652465      488.626
  6089      13.9951      16.5297      0.846665      26703      26273      0.983897      0.980981      0.000770281      484.139
  6090      14.2315      16.4642      0.864391      25348      24921      0.983154      0.980512      0.000808316      486.171
  6091      7.75025      9.63283      0.804566      40805      40180      0.984683      0.980963      0.00060796      0.00967179
  6093      7.53401      9.48107      0.794637      38384      37858      0.986296      0.982755      0.000593398      485.774
  6094      2.68432      9.27911      0.289286      13504      13428      0.994372      0.980545      0.000643752      0.0351485
  6095      3.83854      9.51327      0.403493      8982      8907      0.99165      0.979306      0.000960145      0.0125335
  6096      6.70989      9.61088      0.698156      32942      32513      0.986977      0.981347      0.000624643      0.0123616
  6097      16.084      37.4151      0.429881      10863      10805      0.994661      0.98758      0.0006992      0.0123086
  6098      30.134      39.2371      0.767997      35778      35456      0.991      0.988281      0.000499285      282.023
  6109      21.2797      29.4979      0.721396      24420      24391      0.998812      0.998354      0.000220392      0.00898833
  6110      28.0835      30.2527      0.928299      17326      17296      0.998268      0.998135      0.000315854      19.2628
  6111      21.1918      29.0715      0.728956      13203      13133      0.994698      0.992727      0.000632007      125.925
  6112      24.4663      30.3605      0.805859      14169      14075      0.993366      0.991768      0.000681992      142.413
  6114      10.7461      28.9655      0.370995      10684      10655      0.997286      0.992684      0.000503356      0.0110063
  6115      24.3725      31.4779      0.774271      21753      21575      0.991817      0.989432      0.000610811      233.582
  6116      24.4011      30.9531      0.788324      14264      14121      0.989975      0.987283      0.00083414      266.852
  6119      36.1256      40.4536      0.893012      15524      15482      0.997295      0.99697      0.000416901      0.0132215
  6120      34.5006      40.0679      0.861054      10974      10940      0.996902      0.996402      0.000530519      0.0093551
  6124      32.3568      33.7796      0.957878      24694      24252      0.982101      0.981314      0.000843719      482.857
  6125      32.7639      34.3286      0.954419      22509      22079      0.980897      0.979984      0.000912409      493.063
  6127      37.9098      40.4764      0.93659      9425      9388      0.996074      0.995808      0.000644118      0.013478
  6128      32.4934      39.8265      0.815874      24883      24806      0.996906      0.996207      0.000352103      78.9332
  6129      22.2541      37.2964      0.596682      8409      8384      0.997027      0.995017      0.000593716      146.94
  6130      9.78737      40.1223      0.243939      22709      22675      0.998503      0.993862      0.000256576      0.0100214
  6132      19.4145      32.5522      0.59641      22384      22318      0.997051      0.995056      0.000362404      0.0108827
  6133      7.26882      12.064      0.602521      12106      12091      0.998761      0.997944      0.000319724      0.0105496
  6135      10.8413      15.9265      0.680709      16463      16430      0.997996      0.997055      0.000348588      0.00797137
  6136      17.1716      18.1189      0.947716      25833      25388      0.982774      0.981824      0.000809528      481.572
  6137      14.1404      17.8777      0.790953      31682      31223      0.985512      0.981683      0.000671313      479.658
  6138      14.0439      17.9917      0.780576      28504      28136      0.98709      0.98346      0.000668646      478.013
  6145      49.2457      51.0568      0.964527      8293      8129      0.980224      0.979497      0.00152888      0.00503271
  6146      20.597      46.0711      0.447071      3942      3913      0.992643      0.983545      0.00136107      0.0111265
  6154      9.43143      22.4793      0.41956      39259      39095      0.995823      0.990043      0.000325517      0.00923255
  6155      2.07436      19.9218      0.104125      10511      10507      0.999619      0.996345      0.000190241      0.00925813
  6166      54.9508      54.9508      1      0      0      -nan      -nan      -nan      47.3313
  6168      35.7998      38.5797      0.927944      0      0      -nan      -nan      -nan      38.0685
  6169      40.7998      40.7998      1      0      0      -nan      -nan      -nan      57.6028
  6170      23.2394      25.1715      0.923242      15792      15532      0.983536      0.982167      0.00101262      0.00970961
  6171      22.1288      25.2362      0.876868      13641      13464      0.987024      0.985202      0.000968957      411.454
  6172      36.6625      39.998      0.916607      10982      10943      0.996449      0.996126      0.000567647      107.534
  6179      14.4172      15.1473      0.951801      23135      22777      0.984526      0.983742      0.000811494      0.0109566
  6180      12.7959      15.1029      0.847249      23405      23023      0.983679      0.980736      0.000828228      472.673
  6181      37.0065      40.3684      0.91672      8027      7963      0.992027      0.991303      0.000992655      0.0111652
  6182      34.5275      40.1376      0.86023      10046      9988      0.994227      0.993288      0.000755899      194.923
  6183      35.2908      40.0516      0.881132      16003      15822      0.98869      0.987164      0.000835926      0.0111448
  6184      36.9355      40.3856      0.914569      6464      6397      0.989635      0.988667      0.00125972      91.6922
  6185      8.28551      9.13205      0.9073      22045      21687      0.98376      0.982101      0.000851287      503.194
  6186      7.94919      9.00277      0.882971      33033      32537      0.984985      0.982995      0.000669125      505.141
  6187      7.34044      9.04246      0.811774      35104      34633      0.986583      0.983472      0.000614074      502.028
  6194      41.7744      45.3145      0.921879      12540      12298      0.980702      0.979066      0.00122851      392.124
  6195      37.7326      46.9141      0.804292      15028      14751      0.981568      0.977083      0.00109723      433.139
  6196      33.4348      39.8573      0.838862      29291      29188      0.996484      0.995808      0.000345875      55.4967
  6197      35.5636      40.6216      0.875485      25510      25385      0.9951      0.994403      0.000437198      103.884
  6198      27.5251      30.4084      0.905181      19043      18673      0.98057      0.978535      0.00100024      492.831
  6199      24.7361      30.2995      0.816387      22764      22375      0.982912      0.979068      0.000858981      0.00976654
  6205      13.092      15.2171      0.860347      36650      36063      0.983984      0.981384      0.000655751      0.0114538
  6208      7.85102      15.3395      0.511816      18483      18317      0.991019      0.982452      0.000693941      0.0111249
  6209      14.3611      15.2657      0.940739      41603      40897      0.98303      0.981961      0.000633229      466.154
  6210      14.1589      15.1806      0.932699      17923      17593      0.981588      0.980259      0.00100418      475.098
  6211      36.5568      39.988      0.914194      17265      17149      0.993281      0.992651      0.000621725      0.0101142
  6212      33.238      39.2352      0.847149      43122      42813      0.992834      0.991541      0.00040618      193.452
  6213      36.6317      40.5594      0.903161      22748      22478      0.988131      0.986858      0.000718035      0.0121346
  6214      38.8248      40.7438      0.9529      18184      17949      0.987077      0.986438      0.000837568      0.0169498
  6215      5.83335      8.08339      0.721646      16569      16393      0.989378      0.985281      0.000796418      0.0101404
  6216      7.72504      8.08512      0.955464      50112      49346      0.984714      0.984002      0.00054806      470.965
  6217      6.28521      8.09649      0.776288      18568      18315      0.986374      0.982448      0.000850778      0
  6219      7.27235      8.06068      0.902201      56412      55544      0.984613      0.982945      0.000518228      0.0125439
  6220      7.12868      8.07128      0.883215      49723      48957      0.984595      0.982558      0.000552314      0.0126988
  6242      18.9653      40.3503      0.470016      41102      41050      0.998735      0.997308      0.000175333      0.00957801
  6243      36.5374      40.4048      0.904283      17469      17423      0.997367      0.997088      0.000387738      0.0122891
  6244      31.7734      40.3855      0.786752      15793      15760      0.99791      0.997344      0.000363361      0.0145808
  6245      30.4911      59.8686      0.509299      26804      26511      0.989069      0.978537      0.000635108      320.533
  6246      38.9514      59.2176      0.657767      9856      9736      0.987825      0.98149      0.00110466      0.0102586
  6247      42.6476      57.5605      0.740917      15533      15298      0.984871      0.979581      0.000979418      0.0102712
  6248      53.991      55.7776      0.96797      9787      9533      0.974047      0.973188      0.00160715      503.853
  6249      49.7907      55.6237      0.895133      13613      13282      0.975685      0.972836      0.00132012      0
  6250      52.1915      55.2636      0.94441      14754      14374      0.974244      0.972728      0.00130412      174.134
  6251      35.4893      40.3297      0.879979      26250      26168      0.996876      0.99645      0.000344428      55.0669
  6252      34.9182      40.0848      0.871109      22411      22332      0.996475      0.995953      0.0003959      17.1724
  6261      35.2951      40.5251      0.870944      39684      39496      0.995263      0.994561      0.000344693      96.2668
  6262      33.6918      40.292      0.836189      32852      32710      0.995678      0.994831      0.000361944      94.8012
  6263      24.4879      30.0246      0.815595      18227      17877      0.980798      0.976456      0.0010165      509.407
  6264      29.9618      30.3754      0.986384      13546      13238      0.977263      0.976949      0.00128077      0.00939284
  6265      25.6393      30.3451      0.844925      15686      15406      0.98215      0.978874      0.0010572      0.0100284
  6266      18.5326      29.9072      0.61967      42833      42232      0.985969      0.977357      0.000568317      511.283
  6267      24.5741      26.1781      0.938726      22282      21881      0.982003      0.980829      0.000890583      509.646
  6270      12.0176      16.1988      0.741882      39208      38637      0.985437      0.98037      0.000605003      512.991
  6271      14.9913      16.1582      0.927778      49244      48352      0.981886      0.980476      0.00060098      507.984
  6272      13.4858      16.1207      0.83655      52104      51215      0.982938      0.979604      0.000567339      0.00880376
  6273      13.7453      16.2791      0.844352      23375      22997      0.983829      0.980848      0.000825      0.0121897
  6274      37.356      40.4552      0.923394      11805      11714      0.992291      0.991652      0.00080496      0.0105062
  6275      36.9397      40.1173      0.920792      19524      19390      0.993137      0.992546      0.000590865      0.0113738
  6276      31.8073      38.9262      0.817118      17701      17603      0.994464      0.993224      0.000557712      174.894
  6277      34.326      35.5401      0.965839      34285      33588      0.97967      0.978951      0.000762171      484.489
  6288      35.905      40.5189      0.886131      41494      41435      0.998578      0.998395      0.000184983      0
  6289      33.515      40.222      0.833252      45383      45315      0.998502      0.998202      0.000181566      16.2454
  6290      51.6876      69.2573      0.746312      24242      23976      0.989027      0.985297      0.000669078      0.00793367
  6291      29.2328      67.9405      0.43027      21147      21020      0.993994      0.986042      0.000531306      0.0133379
  6292      41.4078      69.4101      0.596568      26714      26385      0.987684      0.979356      0.000674789      347.298
  6293      59.914      69.6119      0.860686      12290      12067      0.981855      0.978918      0.00120399      346.475
  6294      34.4427      40.5995      0.848352      15785      15757      0.998226      0.997909      0.000334926      0.0112028
  6295      36.7947      40.5521      0.907345      31090      31029      0.998038      0.997838      0.000250968      29.5508
  6296      37.6337      40.4831      0.929614      28385      28319      0.997675      0.997499      0.000285876      29.9052
  6304      36.2647      40.2664      0.900621      30283      30202      0.997325      0.99703      0.000296799      57.243
  6305      38.5268      40.5226      0.950749      39504      39372      0.996659      0.996485      0.000290348      0.0104499
  6306      48.216      50.4475      0.955767      8085      7919      0.979468      0.978518      0.00157714      490.477
  6307      45.2018      50.2828      0.898952      34044      33427      0.981876      0.979839      0.000722987      499.001
  6308      46.0941      50.5827      0.911262      23884      23381      0.97894      0.976889      0.000929084      496.42
  6309      65.5432      70.1812      0.933913      14303      14028      0.980773      0.979413      0.00114822      378.317
  6310      71.8683      71.8683      1      4628      4536      0.980121      0.980121      0.00205183      379.912
  6311      40.8411      40.8411      1      9331      9312      0.997964      0.997964      0.000466666      39.0687
  6312      39.1169      40.5569      0.964495      15903      15865      0.997611      0.997523      0.000387162      39.1928
  6317      35.6601      40.6285      0.877711      20988      20929      0.997189      0.996797      0.000365463      78.349
  6318      38.5134      40.4435      0.952277      22932      22853      0.996555      0.996382      0.000386921      78.9057
  6322      40.527      45.704      0.886727      16469      16160      0.981237      0.978841      0.0010573      0.0100408
  6323      40.546      45.4662      0.891783      12063      11852      0.982508      0.980386      0.00119359      0.01091
  6325      19.2573      20.2794      0.949598      28092      27596      0.982344      0.981407      0.00078576      450.14
  6326      19.9391      20.3133      0.981582      21603      21197      0.981206      0.980854      0.000923909      457.369
  6327      14.8215      20.2317      0.732584      23544      23274      0.988532      0.984346      0.0006939      453.287
  6328      35.0333      40.199      0.871498      16683      16602      0.995145      0.994429      0.00053816      147.794
  6329      38.648      40.534      0.953469      25328      25197      0.994828      0.994575      0.000450722      149.446
  6339      4.40897      11.1906      0.393989      8530      8467      0.992614      0.981254      0.000927068      0
  6340      9.78921      11.0785      0.88362      33553      33012      0.983876      0.981753      0.000687603      494.943
  6341      10.4115      11.1742      0.931747      43587      42896      0.984147      0.982985      0.00059829      492.959
  6342      10.3358      11.1819      0.924331      50167      49371      0.984133      0.982834      0.000557911      486.813
  6343      10.3405      11.2114      0.922324      41508      40915      0.985714      0.98451      0.000582466      477.132
  6344      10.6243      11.2303      0.946039      12363      12185      0.985602      0.984781      0.00107136      491.507
  6345      37.4146      40.411      0.925852      37223      36900      0.991323      0.990628      0.000480726      278.231
  6346      38.1988      40.2109      0.949961      8366      8289      0.990796      0.990311      0.00104405      278.588
  6347      10.813      11.2171      0.963974      14246      14000      0.982732      0.982087      0.00109142      485.489
  6348      20.2216      24.3144      0.831675      30124      29643      0.984033      0.980801      0.000722212      478.316
  6349      22.3411      24.2159      0.922582      34066      33543      0.984647      0.983359      0.000666147      127.575
  6350      23.1214      24.2708      0.952644      31509      30953      0.982354      0.981477      0.000741715      483.022
  6351      22.7197      24.263      0.936391      19344      19031      0.983819      0.98272      0.000907159      480.551
  6352      38.6189      40.3962      0.956004      17564      17482      0.995331      0.995117      0.00051436      109.279
  6353      32.4057      39.8326      0.813546      20958      20888      0.99666      0.995894      0.000398541      108.555
  6354      38.8408      40.3093      0.963568      38541      38361      0.99533      0.995153      0.000347294      109.138
  6359      60.1793      69.313      0.868226      23484      23256      0.990291      0.988818      0.000639848      0.010576
  6360      59.3664      69.9376      0.848849      17311      17133      0.989718      0.987887      0.000766732      140.525
  6363      15.9589      40.6277      0.392808      17749      17736      0.999268      0.998135      0.000203067      0.00969507
  6364      35.9608      39.9015      0.901238      20745      20716      0.998602      0.998449      0.000259407      0.0136645
  6365      20.3417      40.6347      0.5006      35195      35170      0.99929      0.998581      0.000142015      12.8397
  6367      51.8246      68.7839      0.753442      16384      16221      0.990051      0.986796      0.000775359      0.015338
  6368      61.2303      70.3078      0.870889      13678      13507      0.987498      0.985645      0.000950044      277.445
  6370      55.1236      68.7749      0.801507      12773      12595      0.986064      0.982613      0.00103722      0.0136381
  6371      39.8516      40.5276      0.983319      21445      21415      0.998601      0.998577      0.000255229      24.4079
  6372      37.5372      40.0953      0.9362      26371      26318      0.99799      0.997853      0.000275787      24.3253
  6373      34.368      39.9952      0.859303      36132      36057      0.997924      0.997584      0.000239435      47.7933
  6374      36.4751      39.8755      0.914726      14549      14510      0.997319      0.99707      0.000428663      47.539
  6375      43.7357      59.2693      0.737914      21934      21596      0.98459      0.979117      0.000831703      0.0120373
  6376      44.3125      59.8599      0.740269      33520      32977      0.983801      0.978117      0.000689524      0.00900333
  6377      36.1295      59.8202      0.603967      17934      17708      0.987398      0.979135      0.000832958      477.244
  6378      23.1583      27.0838      0.855059      36769      36236      0.985504      0.983047      0.00062332      452.322
  6379      23.8258      27.1058      0.878991      36182      35630      0.984744      0.982644      0.000644375      461.428
  6380      26.2273      27.2202      0.963527      35969      35360      0.983069      0.982428      0.000680256      453.098
  6381      15.4027      27.2386      0.565473      11908      11801      0.991014      0.98411      0.000864755      0
  6382      31.4339      39.8565      0.788676      23689      23621      0.997129      0.99636      0.000347603      91.3293
  6383      29.8225      39.6482      0.752177      36408      36293      0.996841      0.995801      0.00029408      92.6104
  6385      38.7904      40.4475      0.959031      20461      20418      0.997898      0.997809      0.000320148      0.0119903
  6386      39.5189      40.4077      0.978003      7529      7506      0.996945      0.996876      0.000636008      35.0359
  6387      56.3864      69.6211      0.809904      22858      22564      0.987138      0.984119      0.000745288      325.919
  6388      50.3198      68.9765      0.729521      20970      20703      0.987268      0.982547      0.000774238      0.0142821
  6389      32.4651      39.8105      0.815491      19646      19613      0.99832      0.99794      0.000292158      0.011856
  6390      34.3924      39.9885      0.860056      17245      17206      0.997738      0.99737      0.000361724      0.0136002
  6391      36.3712      39.6738      0.916758      11071      11034      0.996658      0.996354      0.000548513      70.6598
  6393      30.0905      51.83      0.58056      6266      6193      0.98835      0.979933      0.00135558      512.283
  6394      47.7666      51.9899      0.918767      11882      11638      0.979465      0.977649      0.00130107      513.687
  6395      49.322      52.1796      0.945235      14553      14275      0.980897      0.979791      0.0011347      517.407
  6396      52.8175      52.8175      1      3952      3872      0.979757      0.979757      0.0022402      504.896
  6397      50.591      68.1013      0.742879      8564      8471      0.989141      0.985382      0.00111994      329.294
  6398      42.421      66.8358      0.634704      16603      16440      0.990182      0.984532      0.000765182      0.0117198
  6399      15.1066      23.9715      0.630192      10184      10050      0.986842      0.979121      0.00112917      0.0153685
  6400      3.23118      25.4287      0.127068      22209      22146      0.997163      0.977676      0.000356882      0.0115838
  6401      2.05971      24.6867      0.0834341      17544      17515      0.998347      0.980188      0.000306698      0.00987118
  6402      15.712      24.8417      0.632486      34787      34394      0.988703      0.982138      0.000566646      508.848
  6403      21.744      24.943      0.871747      29403      28922      0.983641      0.981234      0.000739774      520.202
  6404      21.8789      24.9488      0.876953      22461      22111      0.984417      0.982231      0.000826408      521.361
  6405      33.5878      40.2269      0.834959      18122      18054      0.996248      0.995506      0.000454184      0.010558
  6406      36.3308      40.156      0.904742      15010      14942      0.99547      0.994993      0.000548135      141.717
  6407      36.365      40.8155      0.890962      15068      14934      0.991107      0.990019      0.000764816      0.00726064
  6408      37.435      40.3315      0.928182      19924      19789      0.993224      0.9927      0.000581184      264.367
  6410      9.90431      12.1188      0.817269      8309      8187      0.985317      0.982034      0.00131953      0.0538245
  6411      10.7194      12.0433      0.890071      36962      36426      0.985499      0.983708      0.000621806      0.0108419
  6412      10.4431      12.0949      0.863432      28403      27987      0.985354      0.983037      0.000712818      0.0124624
  6413      7.22851      13.0377      0.55443      43797      43357      0.989954      0.98188      0.000476529      0.0104871
  6415      8.57315      13.0422      0.657337      49386      48856      0.989268      0.983674      0.000463651      0.0119124
  6416      10.2721      13.0668      0.78612      31644      31217      0.986506      0.982835      0.000648593      0.00970411
  6417      9.92143      13.1235      0.756006      25113      24754      0.985705      0.981091      0.000749069      0.0130858
  6419      35.4719      65.2542      0.543596      29139      28718      0.985552      0.973421      0.000699047      467.15
  6421      49.9142      69.6371      0.716776      16041      15746      0.98161      0.974343      0.00106084      0.0115609
  6422      45.4476      66.8986      0.679351      12293      12089      0.983405      0.975573      0.00115219      467.632
  6423      26.3523      38.8466      0.678367      9631      9610      0.99782      0.996786      0.000475296      0.0128032
  6425      33.7396      39.3531      0.857356      16221      16181      0.997534      0.997124      0.000389418      44.1262
  6426      36.4276      39.6176      0.919479      8624      8605      0.997797      0.997604      0.000504881      44.2616
  6427      39.1247      40.6747      0.961892      13801      13743      0.995797      0.995631      0.000550667      0.0100761
  6428      34.479      39.3181      0.876924      17569      17510      0.996642      0.99617      0.000436464      86.389
  6429      37.3549      40.2738      0.927524      11903      11647      0.978493      0.976812      0.00132967      533.169
  6430      32.7764      40.0161      0.81908      20423      20028      0.980659      0.976387      0.000963692      534.333
  6431      35.7521      39.9698      0.894478      9696      9489      0.978651      0.976132      0.00146793      534.066
  6432      28.2623      30.2572      0.934068      22203      21819      0.982705      0.981484      0.000874914      399.26
  6433      18.6997      20.1902      0.92618      31903      31564      0.989374      0.988527      0.000574048      271.701
  6434      17.5556      20.1142      0.8728      35854      35219      0.982289      0.979708      0.000696577      520.227
  6435      17.1014      18.1776      0.940794      36003      35390      0.982974      0.981902      0.000681809      479.577
  6436      15.6256      18.2271      0.857271      23863      23477      0.983824      0.981131      0.000816634      0.0103355
  6439      24.2633      40.022      0.606249      18972      18895      0.995941      0.993305      0.000461582      0.0112034
  6440      37.735      40.6312      0.928722      14428      14343      0.994109      0.993657      0.000637119      168.355
  6441      39.4043      40.6332      0.969755      12524      12402      0.990259      0.989955      0.000877629      309.474
  6442      39.0344      40.6246      0.960856      17049      16860      0.988914      0.988463      0.000801884      306.014
  6443      7.99717      9.52437      0.839653      36348      35878      0.987069      0.9846      0.000592574      479.227
  6444      9.05326      9.58854      0.944175      35702      35178      0.985323      0.984455      0.000636447      484.62
  6445      8.40263      9.55998      0.878938      36330      35834      0.986347      0.984467      0.000608822      478.953
  6446      8.52172      9.58731      0.888854      32584      32115      0.985606      0.983807      0.000659833      484.53
  6447      7.9222      9.55892      0.828775      35471      34968      0.985819      0.98289      0.000627783      471.864
  6448      8.2288      9.57351      0.859539      38350      37856      0.987119      0.985014      0.000575815      480.323
  6451      38.3559      59.0047      0.650047      16970      16778      0.988686      0.982595      0.000811891      230.605
  6452      49.4846      59.1578      0.836485      15483      15261      0.985662      0.982859      0.0009554      232.151
  6453      49.1569      59.8114      0.821865      16042      15812      0.985663      0.982555      0.000938576      229.431
  6454      38.2849      40.7006      0.940647      39668      39580      0.997782      0.997642      0.000236221      23.7741
  6455      38.1845      40.2891      0.947763      9256      9234      0.997623      0.997492      0.000506141      23.703
  6456      37.4257      40.464      0.924913      28272      28182      0.996817      0.996558      0.000335021      40.9285
  6459      46.3418      62.6045      0.740232      24513      24082      0.982417      0.976247      0.000839441      0.00918479
  6460      26.3992      63.0139      0.418942      3812      3776      0.990556      0.977458      0.00156653      0.0107541
  6461      42.513      54.8194      0.775511      28361      27903      0.983851      0.979176      0.000748473      0.011266
  6462      43.7963      48.3704      0.905436      24824      24440      0.984531      0.982916      0.000783265      331.719
  6463      30.1764      35.0887      0.860003      4321      4267      0.987503      0.985469      0.00168998      0.0118879
  6464      33.9474      35.6903      0.951166      27583      27226      0.987057      0.986393      0.000680556      242.797
  6465      34.6281      37.5903      0.921199      33303      32606      0.979071      0.977281      0.000784405      490.307
  6466      34.5822      37.3516      0.925854      28283      27699      0.979352      0.977698      0.000845571      491.936
  6467      36.802      37.7938      0.973756      19843      19426      0.978985      0.978419      0.00101824      484.093
  6468      38.0496      40.3912      0.942028      16663      16613      0.996999      0.996815      0.00042372      61.5903
  6469      34.9603      40.5393      0.862382      5045      5030      0.997027      0.996552      0.000766545      74.978
  6470      40.206      40.8219      0.984913      18129      18053      0.995808      0.995744      0.000479867      74.749
  6471      38.5015      40.5506      0.949468      15882      15795      0.994522      0.994231      0.000585682      0.00690348
  6472      39.1672      40.6821      0.962763      20341      20231      0.994592      0.994383      0.000514217      139.312
  6473      17.4838      19.2579      0.907876      20720      20364      0.982819      0.981075      0.000902759      498.337
  6474      16.9286      19.1484      0.884076      4283      4210      0.982956      0.980721      0.00197779      490.17
  6475      16.5275      19.1663      0.862321      29149      28684      0.984047      0.9815      0.000733856      496.854
  6476      18.5843      19.321      0.961871      25862      25434      0.983451      0.982795      0.000793297      488.98
  6477      17.8018      19.1549      0.929361      26963      26523      0.983681      0.982441      0.000771588      494.401
  6478      18.1774      19.28      0.942813      26548      26072      0.98207      0.980983      0.00081441      491.688
  6479      18.6946      19.2572      0.970787      23503      23081      0.982045      0.981505      0.000866161      200.957
  6482      36.8144      57.5464      0.639734      7077      21      0.00296736      -0.558511      0.000646569      833.099
  6483      39.956      40.7523      0.980459      6976      17      0.00243693      -0.0174451      0.000590321      540.138
  6484      24.6477      29.7975      0.827176      4944      27      0.00546117      -0.20233      0.00104813      402.559
  6485      18.7772      20.2962      0.92516      5783      22      0.00380425      -0.0767823      0.000809525      272.016
  6486      46.2664      59.0632      0.783337      22246      22014      0.989571      0.986687      0.000681107      3.73201
  6487      38.1002      40.4678      0.941494      14744      14725      0.998711      0.998631      0.000295448      19.6817
  6488      28.026      40.4468      0.69291      17533      17504      0.998346      0.997613      0.00030689      35.7721
  6489      58.3682      60.9707      0.957316      14779      14573      0.986061      0.98544      0.000964363      362.343
  6490      39.9802      42.2711      0.945806      18093      17741      0.980545      0.97943      0.00102682      487.867
  6491      42.7975      42.7975      1      4110      4041      0.983212      0.983212      0.00200404      488.816
  6493      40.3622      42.1669      0.9572      17999      17658      0.981055      0.980207      0.00101619      0.00977078
  6494      36.1974      40.4988      0.89379      17157      17104      0.996911      0.996544      0.000423667      66.2662
  6495      37.4849      40.1684      0.933193      18592      18508      0.995482      0.995158      0.000491847      121.72
  6496      20.0589      20.2408      0.991011      11450      11253      0.982795      0.982639      0.00121523      446.136
  6497      18.9207      20.163      0.938388      31145      30630      0.983464      0.982379      0.000722594      451.008
  6498      18.8789      20.3085      0.929609      25043      24654      0.984467      0.983291      0.000781428      449.746
  6499      18.867      20.1555      0.936074      19201      18915      0.985105      0.984088      0.000874179      452.899
  6500      37.1503      53.6625      0.692296      8729      8614      0.986826      0.98097      0.00122041      442.955
  6501      34.9153      61.6306      0.566525      11625      11473      0.986925      0.97692      0.00105359      479.338
  6502      33.2159      40.2743      0.824741      21049      21004      0.997862      0.997408      0.000318354      50.8038
  6503      35.4192      39.7573      0.890884      12603      12559      0.996509      0.996081      0.000525404      0.0111275
  6504      40.7956      40.7956      1      5268      5245      0.995634      0.995634      0.000908381      97.0317
  6506      29.7628      34.8023      0.855197      7393      7273      0.983768      0.98102      0.00146966      490.47
  6507      30.2232      35.2728      0.85684      29738      29198      0.981841      0.978808      0.000774294      0.0107369
  6509      14.1631      18.1027      0.782373      30474      30066      0.986612      0.982887      0.000658376      494.087
  6510      15.4698      18.1416      0.852724      18581      18346      0.987353      0.985168      0.000819787      486.526
  6512      26.4288      38.7657      0.681757      16355      16285      0.99572      0.993722      0.000510466      179.579
  6513      25.9128      38.4986      0.673084      16208      16154      0.996668      0.99505      0.000452629      317.131
  6514      4.53671      9.89307      0.458575      34999      34758      0.993114      0.984984      0.000442031      505.034
  6515      8.61291      10.0343      0.858351      35384      34860      0.985191      0.982747      0.000642124      503.322
  6516      6.96134      10.0899      0.68993      16863      16669      0.988496      0.983325      0.000821208      0.00975853
  6517      8.94991      10.0521      0.890353      34270      33743      0.984622      0.982728      0.0006647      0.0102161
  6518      50.4076      58.877      0.856151      4950      4852      0.980202      0.976876      0.00198      429.157
  6519      59.4538      65.5245      0.907352      20385      19897      0.976061      0.973616      0.00107063      464.42
  6520      36.2983      62.722      0.578717      14139      13924      0.984794      0.973724      0.00102914      0.0108667
  6521      36.7249      39.8255      0.922147      27709      27633      0.997257      0.997026      0.000314188      0.0103091
  6522      36.6853      40.0373      0.916278      23349      23290      0.997473      0.997242      0.000328555      25.7719
  6523      36.8106      39.8116      0.92462      29283      29217      0.997746      0.997562      0.000277119      28.3357
  6524      53.2457      65.346      0.814827      27232      26756      0.982521      0.978548      0.000794136      0.0103487
  6525      43.8136      63.4284      0.690758      27045      26668      0.98606      0.97982      0.000712911      0.00722455
  6526      54.7667      64.513      0.848924      18483      18148      0.981875      0.97865      0.000981246      0.009473
  6527      54.0541      60.3174      0.896162      14370      14021      0.975713      0.972899      0.00128415      473.8
  6528      56.3219      60.1281      0.936699      32803      31978      0.97485      0.97315      0.000864534      469.77
  6529      55.3378      60.4133      0.915986      23263      22696      0.975627      0.973391      0.00101104      474.566
  6531      38.5005      40.5124      0.950338      33028      32937      0.997245      0.997101      0.000288429      46.2879
  6532      29.32      40.3778      0.726141      19662      19618      0.997762      0.996918      0.000336986      47.1095
  6533      37.0821      40.251      0.92127      17880      17791      0.995022      0.994597      0.000526313      87.8758
  6534      35.4935      40.2492      0.881846      12863      12808      0.995724      0.995151      0.000575319      0.0101361
  6535      32.0739      35.3587      0.907102      34422      33764      0.980884      0.978927      0.00073805      494.445
  6536      31.8715      35.2954      0.902995      31323      30650      0.978514      0.976206      0.000819271      489.837
  6537      40.0248      45.4604      0.880432      15284      14952      0.978278      0.975328      0.00117913      480.739
  6538      37.8996      40.4146      0.937771      9469      9439      0.996832      0.996622      0.000577521      68.3815
  6539      39.2203      40.452      0.969553      8984      8933      0.994323      0.994145      0.000792646      25.9192
  6541      23.3143      25.2662      0.92275      23654      23208      0.981145      0.979566      0.000884361      497.114
  6542      9.14573      13.1154      0.697329      33002      32572      0.98697      0.981315      0.000624232      478.027
  6543      10.8487      13.0225      0.833077      40204      39647      0.986146      0.98337      0.000582947      0.00836918
  6544      26.6758      37.4362      0.712566      16958      16838      0.992924      0.990069      0.000643686      222.916
  6545      53.5891      65.4395      0.81891      20245      19827      0.979353      0.974787      0.000999401      277.925
  6546      35.6164      39.0861      0.911231      14224      14187      0.997399      0.997145      0.000427084      37.2564
  6547      33.0783      39.0983      0.84603      16086      16041      0.997203      0.996693      0.000416438      62.2996
  6548      31.6241      44.3775      0.712614      14292      14030      0.981668      0.974275      0.00112212      0.00986457
  6549      37.5767      43.81      0.857719      16485      16126      0.978223      0.97461      0.00113678      481.382
  6550      21.6818      24.2179      0.895283      28810      28304      0.982437      0.980382      0.000773899      481.89
  6551      21.2774      24.5737      0.865862      26539      26052      0.98165      0.978807      0.000823869      491.81
  6552      35.9691      39.8015      0.903712      18544      18465      0.99574      0.995286      0.000478281      109.193
  7593      30.9579      49.5555      0.624713      26262      26138      0.995278      0.992442      0.000423015      0.0118787
  7594      48.7023      50.7468      0.959713      37783      37493      0.992325      0.992002      0.000448983      0.00936402
  7595      35.1819      49.7669      0.706934      28574      28421      0.994645      0.992426      0.000431727      0.0115885
  7596      30.8765      49.5928      0.622602      17415      17333      0.995291      0.992437      0.000518751      0.00802272
  7597      39.2563      47.4227      0.827795      32362      32135      0.992986      0.991526      0.000463926      92.3445
  7599      22.2087      40.6705      0.546064      2744      2743      0.999636      0.999333      0.000364365      0.00983769
  7600      11.711      40.5882      0.288532      14807      14795      0.99919      0.997191      0.000233855      0.0132267
  7601      23.8677      40.2453      0.593056      14303      14296      0.999511      0.999175      0.000184933      0.012148
  7602      29.449      40.1728      0.733058      34539      34505      0.999016      0.998657      0.000168739      11.6668
  7603      29.3187      39.1416      0.749044      38350      38325      0.999348      0.99913      0.000130336      0.0109954
  7604      36.7398      40.6964      0.902776      13522      13496      0.998077      0.99787      0.000376728      0.0100112
  7605      38.347      40.4325      0.948421      35103      35037      0.99812      0.998018      0.000231217      21.9046
  7606      35.9045      40.3267      0.890339      32583      32547      0.998895      0.998759      0.000184043      0.00695575
  7607      35.0147      40.6185      0.862038      13443      13427      0.99881      0.998619      0.000297376      22.0482
  7608      49.5762      50.9181      0.973646      35924      35555      0.989728      0.98945      0.000531969      181.665
  7609      49.7992      51.0487      0.975525      36142      35798      0.990482      0.990243      0.000510729      183.608
  7610      39.4378      50.0423      0.78809      28134      27922      0.992465      0.990438      0.000515578      37.0541
  7611      44.8478      50.4011      0.889818      35163      34675      0.986122      0.984403      0.000623863      370.394
  7612      36.0053      49.9614      0.720662      35476      35087      0.989035      0.984785      0.000552899      368.818
  7613      47.6955      50.7479      0.93985      35290      34755      0.98484      0.98387      0.000650441      380.201
  7614      46.2202      50.5622      0.914126      35782      35251      0.98516      0.983766      0.000639199      368.969
  7615      44.1015      50.9128      0.866216      39183      38591      0.984891      0.982558      0.000616251      370.496
  7616      48.4776      50.6155      0.957762      11469      11267      0.982387      0.981611      0.00122826      154.825
  7617      38.8759      40.7817      0.953267      35565      35491      0.997919      0.997817      0.000241624      43.7549
  7618      39.2606      40.8079      0.962083      38328      38231      0.997469      0.997369      0.000256637      43.594
  7619      40.7145      41.0121      0.992745      26007      25951      0.997847      0.997831      0.000287432      43.087
  7620      27.8866      40.4186      0.689946      19991      19951      0.997999      0.9971      0.000316053      0.0166823
  7621      27.9155      40.4078      0.690844      13924      13890      0.997558      0.996465      0.000418258      0.0111773
  7622      36.6118      40.705      0.899442      38291      38168      0.996788      0.996429      0.000289173      87.9389
  7623      39.7631      40.9322      0.97144      35422      35310      0.996838      0.996745      0.000298297      86.9837
  7625      30.9396      32.6461      0.947728      34488      33868      0.982023      0.981031      0.000715465      505.569
  7626      29.3546      32.6829      0.898164      39441      38762      0.982784      0.980832      0.000654962      495.338
  7627      30.8791      32.7037      0.944207      28208      27693      0.981743      0.980664      0.000797132      493.798
  7628      28.7227      32.8057      0.875539      35689      35066      0.982544      0.980062      0.000693243      498.432
  7629      27.1047      32.5586      0.832491      35629      35074      0.984423      0.981288      0.000656045      499.138
  7630      29.8062      32.759      0.909864      36342      35671      0.981537      0.979707      0.000706164      487.722
  7631      30.8895      32.7626      0.942827      36443      35752      0.981039      0.979889      0.000714444      490.22
  7632      32.073      32.7671      0.978818      35742      35019      0.979772      0.979334      0.000744651      508.033
  7633      29.5546      32.8466      0.899776      35787      35177      0.982955      0.981056      0.000684237      503.175
  7634      32.7134      32.8647      0.995397      36663      35922      0.979789      0.979695      0.000734932      500.32
  7635      22.2694      25.4902      0.873646      35585      35395      0.994661      0.993888      0.00038632      101.752
  7636      24.717      25.4224      0.972252      35665      35463      0.994336      0.994175      0.000397375      100.43
  7637      24.5304      25.3384      0.968113      11924      11858      0.994465      0.994283      0.00067943      99.7039
  7638      37.3273      40.5228      0.921144      26970      26925      0.998331      0.998189      0.000248521      29.8543
  7639      37.3177      40.3314      0.925277      9309      9292      0.998174      0.998026      0.000442511      29.9247
  7640      32.1436      40.3413      0.796791      16207      16169      0.997655      0.997057      0.000379909      0.0111967
  7641      31.872      39.903      0.798736      32063      31991      0.997754      0.997189      0.000264347      60.6218
  7642      21.5032      22.0139      0.976802      36498      36198      0.99178      0.991585      0.000472606      192.682
  7643      21.173      21.984      0.963112      32342      32097      0.992425      0.992135      0.000482131      189.337
  7644      20.8039      21.9222      0.948986      38363      38083      0.992701      0.992309      0.000434586      190.77
  7645      18.5269      21.6962      0.853921      18850      18713      0.992732      0.991489      0.000618678      187.678
  7646      17.6242      19.8772      0.886653      35820      35357      0.987074      0.985422      0.000596815      365.114
  7647      18.4156      19.8512      0.927686      35716      35305      0.988493      0.987596      0.000564345      360.41
  7648      19.4456      19.9849      0.973014      36130      35703      0.988182      0.987854      0.000568544      0.00702961
  7649      18.3191      19.8922      0.920919      35446      35008      0.987643      0.986582      0.000586773      368.3
  7650      19.0272      19.9732      0.95264      36081      35631      0.987528      0.986908      0.000584255      363.421
  7651      21.033      22.8612      0.920028      36205      35711      0.986355      0.985169      0.000609694      421.295
  7652      22.2155      23.9051      0.929319      35384      34845      0.984767      0.983609      0.00065111      433.873
  7654      35.992      40.0932      0.897709      35604      35455      0.995815      0.995338      0.000342124      124.526
  7655      34.8349      39.6973      0.877514      32209      32075      0.99584      0.995259      0.000358649      24.518
  7657      34.9888      39.8511      0.877988      35507      35252      0.992818      0.99182      0.000448117      242.727
  7658      34.1988      39.7473      0.860407      36807      36543      0.992827      0.991664      0.000439854      0.00818197
  7659      24.8142      38.7064      0.641087      11586      11542      0.996202      0.994076      0.000571435      0.0130356
  7660      39.5518      40.701      0.971765      14930      14799      0.991226      0.990971      0.000763242      242.993
  7661      13.2521      13.5974      0.974605      36086      35452      0.982431      0.981973      0.000691603      496.899
  7662      13.018      13.55      0.960743      35954      35437      0.985621      0.985033      0.000627846      490.508
  7663      13.4942      13.5888      0.993044      36624      36034      0.98389      0.983777      0.00065786      500.239
  7666      9.97546      13.4859      0.739693      19103      18879      0.988274      0.984148      0.000778863      0.0142841
  7667      11.0914      13.4961      0.82182      24263      23923      0.985987      0.982949      0.000754624      0.00711073
  7668      12.5871      13.0872      0.961784      35760      35254      0.98585      0.985288      0.000624573      0.0114997
  7669      11.9547      13.1406      0.909752      38364      37807      0.985481      0.984041      0.0006107      482.335
  7670      11.9698      13.1458      0.91054      35663      35150      0.985615      0.984202      0.000630514      476.107
  7671      42.0345      49.7438      0.845021      35948      35252      0.980639      0.977088      0.000726749      449.799
  7672      49.4239      50.8258      0.972418      35890      35062      0.97693      0.976275      0.000792453      445.61
  7673      36.672      39.9394      0.918191      35152      35038      0.996757      0.996468      0.000303247      0.0127769
  7674      33.1034      40.168      0.824123      18069      18029      0.997786      0.997314      0.000349635      51.0476
  7675      35.8783      40.1898      0.892722      30566      30431      0.995583      0.995053      0.000379286      0.0114147
  7676      36.5991      40.2799      0.908619      35893      35739      0.995709      0.995278      0.000344998      90.5716
  7677      38.6066      40.5796      0.95138      14803      14741      0.995812      0.995598      0.000530805      0.0115304
  7678      5.30518      18.8754      0.281063      5229      5217      0.997705      0.991835      0.000661718      114.3
  7679      30.3558      32.574      0.931903      36124      35408      0.980179      0.978731      0.000733354      503.13
  7680      28.3924      31.7101      0.895373      35427      34759      0.981144      0.978941      0.000722637      0.0118007
  7681      29.2033      31.1603      0.937197      35711      34974      0.979362      0.977979      0.000752321      502.301
  7682      28.5961      31.3173      0.913108      36544      35822      0.980243      0.978363      0.00072798      473.16
  7684      15.4991      17.1524      0.903614      36326      35641      0.981143      0.979132      0.000713664      518.717
  7685      15.4419      16.9018      0.913621      35984      35348      0.982325      0.980654      0.000694619      517.001
  7686      15.2999      16.8976      0.905452      36101      35467      0.982438      0.980604      0.000691318      523.304
  7687      15.7585      16.9141      0.931678      37082      36459      0.983199      0.981967      0.000667424      521.517
  7688      13.168      16.9106      0.778687      35724      35218      0.985836      0.98181      0.000625198      508.529
  7689      15.3275      17.1357      0.894477      44172      43427      0.983134      0.981144      0.000612685      509.478
  7690      11.7379      17.0185      0.689714      20825      20536      0.986122      0.979879      0.000810642      0.0106199
  7692      15.9796      16.9225      0.944277      18462      18152      0.983209      0.982218      0.000945638      0.109068
  7694      38.628      40.3798      0.956618      48624      48305      0.993439      0.993142      0.000366113      167.414
  7695      34.57      40.3419      0.856925      37065      36857      0.994388      0.993451      0.000388012      166.986
  7697      36.1527      40.6354      0.889685      17728      17652      0.995713      0.995181      0.000490698      92.2541
  7698      39.1689      40.5371      0.966249      19246      19171      0.996103      0.995967      0.000449099      94.0001
  7699      29.141      30.6202      0.951693      36512      35817      0.980965      0.979999      0.000715128      452.952
  7702      29.7559      30.7091      0.968961      34641      33951      0.980081      0.979443      0.000750698      0.0119975
  7703      29.7232      30.6057      0.971167      5123      5020      0.979895      0.979298      0.00196103      457.377
  7706      16.9282      17.325      0.977095      35983      35313      0.98138      0.980944      0.000712621      0.00908389
  7707      14.9504      17.1863      0.869903      35393      34805      0.983387      0.980902      0.000679412      496.377
  7708      15.9759      17.3243      0.922166      35243      34607      0.981954      0.980431      0.00070909      498.331
  7709      16.2443      17.2517      0.941606      36262      35600      0.981744      0.980612      0.000703034      500.558
  7710      16.4052      17.2653      0.950182      18182      17869      0.982785      0.981883      0.000964628      481.73
  7711      31.6735      39.5174      0.801508      35843      35638      0.994281      0.992864      0.000398315      175.197
  7712      29.7125      39.9812      0.743163      19412      19309      0.994694      0.99286      0.000521426      175.781
  7713      14.0542      39.9388      0.351894      26883      26787      0.996429      0.989852      0.000363815      0.0120569
  7714      36.2307      39.5753      0.91549      10813      10691      0.988717      0.987676      0.00101571      0.0125332
  7715      38.1639      40.0945      0.951851      26382      26049      0.987378      0.986739      0.000687315      0.01036
  7716      7.76356      8.8612      0.876129      40370      39792      0.985682      0.983658      0.000591253      488.642
  7717      8.59364      8.83315      0.972885      38722      38111      0.984221      0.983781      0.000633299      480.79
  7718      8.11204      8.8217      0.919555      45510      44850      0.985498      0.984229      0.000560393      468.732
  7719      8.11614      8.825      0.919677      37084      36540      0.985331      0.984049      0.000624315      479.374
  7720      8.55595      8.8744      0.964116      36382      35825      0.98469      0.98412      0.000643711      491.022
  7721      8.51678      8.98967      0.947396      40590      39905      0.983124      0.982187      0.000639338      497.154
  7722      8.05819      9.05642      0.889777      37405      36861      0.985456      0.983655      0.000618997      0.0128539
  7724      42.6998      50.3305      0.848387      24007      23857      0.993752      0.992635      0.000508565      12.2343
  7725      38.9459      40.6      0.959259      13410      13391      0.998583      0.998523      0.000324818      6.093
  7727      39.1139      40.9818      0.954421      36784      36722      0.998314      0.998234      0.00021388      20.4664
  7728      34.9517      39.9965      0.873868      27621      27577      0.998407      0.998177      0.000239961      20.2694
  7735      42.1353      49.5952      0.849585      36664      36295      0.989936      0.988154      0.000521287      161.608
  7736      49.1376      50.3125      0.976649      36079      35688      0.989163      0.988904      0.000545089      163.761
  7737      38.0285      49.5754      0.767084      37909      37449      0.987866      0.984181      0.000562323      327.099
  7738      42.7401      50.1543      0.852172      36103      35583      0.985597      0.983098      0.000627058      326.885
  7739      37.9141      48.8249      0.776532      4393      4332      0.986114      0.982118      0.0017655      0.0119202
  7740      42.645      49.75      0.857186      42244      41643      0.985773      0.983403      0.000576183      0.0343594
  7747      16.456      39.2172      0.419612      39171      39138      0.999158      0.997992      0.000146592      0
  7748      37.5505      39.836      0.942629      40623      40518      0.997415      0.997258      0.000251919      5.49412
  7749      31.7829      39.9866      0.794838      14821      14792      0.998043      0.997538      0.000362991      0.0108831
  7750      29.7024      39.408      0.753716      14166      14134      0.997741      0.997003      0.000398875      0
  7751      36.5886      39.8477      0.918211      37708      37605      0.997268      0.997025      0.000268776      16.2759
  7752      36.6458      39.9794      0.916617      43450      43321      0.997031      0.996761      0.000261011      72.6999
  7757      35.7914      37.4004      0.956981      39546      38799      0.981111      0.980261      0.000684568      0.0121506
  7758      34.7198      37.3219      0.930281      51048      50141      0.982232      0.980901      0.000584699      484.931
  7759      36.6449      37.3332      0.981566      37568      36810      0.979823      0.979444      0.000725421      484.421
  7760      45.7789      49.9323      0.916818      24044      23855      0.992139      0.991426      0.000569522      57.7092
  7762      33.3222      39.8285      0.836643      14966      14944      0.99853      0.998243      0.000313174      0.00894951
  7768      16.8755      17.6671      0.955195      37922      37715      0.994541      0.994285      0.00037836      118.463
  7769      13.431      17.3438      0.774398      31671      31534      0.995674      0.994414      0.000368771      0.00956915
  7770      15.6053      17.5519      0.889093      19142      19024      0.993836      0.993067      0.000565732      0.0260828
  7771      15.0508      17.4693      0.861559      22391      22259      0.994105      0.993157      0.000511599      0.00988225
  7772      35.288      38.3948      0.919083      34924      34867      0.998368      0.998224      0.000216002      46.26
  7773      34.9164      38.9729      0.895917      32784      32683      0.996919      0.996561      0.000306076      0.0116001
  7774      23.8375      37.6307      0.633459      27918      27846      0.997421      0.995929      0.000303544      0.0103082
  7775      22.4898      22.9425      0.980267      36285      35827      0.987378      0.987124      0.000586067      323.71
  7776      20.3366      22.8445      0.890219      35957      35539      0.988375      0.986941      0.000565283      327.488
  7777      22.3338      22.935      0.973784      37766      37286      0.98729      0.986948      0.000576424      329.653
  7783      15.2847      16.9386      0.90236      35891      35329      0.984341      0.982647      0.000655323      491.537
  7784      15.8041      16.9729      0.931137      36565      35963      0.983536      0.982319      0.000665469      476.964
  7785      16.1083      17.0094      0.947024      37308      36699      0.983676      0.982763      0.000656044      497.76
  7786      14.8589      17.0196      0.873044      37724      37128      0.984201      0.981904      0.000642018      495.745
  7787      14.4686      17.0769      0.847262      25663      25247      0.98379      0.980868      0.000788298      0.151255
  7790      26.4634      39.6321      0.667727      32867      32731      0.995862      0.993803      0.000354086      0.012652
  7791      12.3568      37.9103      0.325948      12710      12688      0.998269      0.99469      0.000368714      0.0113607
  7792      32.9381      39.3445      0.837172      20063      19930      0.993371      0.992082      0.000572909      0.0109484
  7793      37.9701      40.3236      0.941635      27054      26990      0.997634      0.997488      0.000295355      27.2484
  7794      38.7526      40.3504      0.960402      26033      25980      0.997964      0.99788      0.000279364      27.2649
  7796      47.1449      49.8273      0.946165      32384      31950      0.986598      0.985836      0.000638976      224.513
  7797      41.8874      49.6242      0.844091      34274      33866      0.988096      0.985897      0.000585821      221.241
  7798      40.5534      50.2597      0.806878      37624      37011      0.983707      0.979808      0.000652677      426.177
  7799      47.4514      50.1194      0.946767      31186      30565      0.980087      0.978968      0.000791077      420.147
  7800      23.6126      25.1918      0.93731      34311      33978      0.990295      0.989646      0.000529262      0.0431776
  7801      35.2131      40.0224      0.879835      33588      33511      0.997708      0.997394      0.000260953      48.6948
  7802      36.2076      39.883      0.907846      24810      24753      0.997703      0.997469      0.000303956      49.3485
  7803      32.8231      40.4185      0.812083      25613      25532      0.996838      0.996106      0.000350828      91.8158
  7804      26.8459      38.9936      0.688469      31623      31523      0.996838      0.995407      0.000315725      93.0041
  7805      28.4212      30.2346      0.94002      35103      34408      0.980201      0.978938      0.000743542      497.04
  7806      27.4985      30.3307      0.906621      43204      42449      0.982525      0.980725      0.000630407      495.88
  7807      24.3784      30.0267      0.81189      24833      24445      0.984376      0.980756      0.000786986      0.0119965
  7808      25.7124      27.1471      0.947153      34523      34104      0.987863      0.987186      0.000589314      224.435
  7809      25.2374      27.1342      0.930094      30863      30545      0.989696      0.988922      0.000574813      0.907105
  7811      37.0873      40.4249      0.917436      28424      28351      0.997432      0.997201      0.000300205      0.0152581
  7812      37.0264      40.3475      0.917688      31744      31621      0.996125      0.995778      0.000348697      108.779
  7813      20.3147      24.9045      0.815704      35807      35308      0.986064      0.982916      0.000619491      421.073
  7814      21.294      25.1322      0.847277      45088      44429      0.985384      0.98275      0.000565177      421.167
  7815      13.9884      14.7087      0.951029      36282      35639      0.982278      0.981365      0.000692678      493.598
  7816      11.979      14.6431      0.818064      45443      44804      0.985938      0.982811      0.000552342      495.919
  7817      13.6406      14.6861      0.928815      45681      44936      0.983691      0.982441      0.000592614      484.569
  7819      31.5299      40.3129      0.782128      16022      15921      0.993696      0.99194      0.000625275      0.0101132
  7820      39.6066      40.7143      0.972792      27822      27594      0.991805      0.991576      0.000540496      207.892
