6018 452.94 452.94
6019 451.69 17.869
6020 451.77 451.69
6021 453.59 17.820
6022 88.975 451.77
6026 85.769 17.818
6027 151.98 453.59
6028 152.65 17.885
6029 463.20 88.975
6030 410.06 4.337
6031 424.26 85.769
6032 430.60 4.179
6043 471.35 151.98
6044 472.78 4.241
6045 472.28 152.65
6046 269.53 4.264
6049 484.21 463.20
6050 483.39 10.334
6051 484.28 410.06
6052 483.51 9.100
6053 483.86 424.26
6054 559.16 9.419
6055 560.84 430.60
6056 462.76 9.576
6057 463.81 471.35
6058 467.06 5.996
6067 65.757 472.78
6068 486.15 6.020
6070 487.86 472.28
6071 490.12 6.023
6080 99.655 269.53
6081 477.75 4.352
6087 157.69 484.21
6088 475.50 3.636
6089 480.75 483.39
6090 478.98 3.637
6091 484.66 484.28
6093 477.46 3.635
6094 467.36 483.51
6095 478.68 3.632
6096 483.55 483.86
6097 261.60 3.642
6098 273.64 559.16
6109 18.620 4.230
6110 19.065 560.84
6111 120.30 4.248
6112 125.52 462.76
6114 119.78 4.353
6115 237.99 463.81
6116 234.37 4.362
6119 44.648 467.06
6120 44.233 4.388
6124 473.32 65.757
6125 481.34 4.343
6127 80.496 486.15
6128 79.212 27.018
6129 134.12 487.86
6130 144.11 27.138
6132 117.37 490.12
6133 44.366 27.249
6135 58.189 99.655
6136 477.39 4.359
6137 471.16 477.75
6138 474.05 16.588
6145 418.54 157.69
6146 378.57 4.239
6154 191.54 475.50
6155 28.482 9.674
6166 232.14 480.75
6168 54.570 9.792
6169 57.706 478.98
6170 404.62 9.749
6171 405.67 484.66
6172 105.44 5.739
6179 462.54 477.46
6180 461.09 5.623
6181 194.32 467.36
6182 193.14 5.491
6183 309.63 478.68
6184 342.24 5.659
6185 505.62 483.55
6186 498.76 5.695
6187 500.94 261.60
6194 384.16 4.041
6195 397.62 273.64
6196 53.640 4.233
6197 102.84 18.620
6198 492.89 3.679
6199 491.10 19.065
6205 473.53 3.780
6208 476.87 120.30
6209 475.09 19.364
6210 472.48 125.52
6211 188.00 20.229
6212 184.47 119.78
6213 345.84 19.311
6214 347.30 237.99
6215 470.10 21.002
6216 470.25 234.37
6217 470.90 20.636
6219 468.78 44.648
6220 469.44 5.033
6242 32.324 44.233
6243 32.354 4.982
6244 32.345 473.32
6245 313.89 22.588
6246 310.32 481.34
6247 301.91 22.932
6248 503.31 80.496
6249 502.01 5.037
6250 498.68 79.212
6251 53.530 4.956
6252 53.183 134.12
6261 94.727 4.640
6262 94.184 144.11
6263 502.12 4.994
6264 507.90 117.37
6265 507.24 4.057
6266 499.97 44.366
6267 437.92 1.523
6270 514.29 58.189
6271 513.00 2.000
6272 511.90 477.39
6273 516.71 11.970
6274 172.57 471.16
6275 171.11 11.821
6276 166.09 474.05
6277 480.30 11.921
6288 16.128 418.54
6289 16.025 34.333
6290 176.13 378.57
6291 172.76 30.932
6292 336.25 191.54
6293 337.14 14.981
6294 29.758 28.482
6295 29.725 2.500
6296 29.658 232.14
6304 56.164 20.095
6305 56.510 54.570
6306 486.13 4.804
6307 484.57 57.706
6308 487.46 5.063
6309 369.17 404.62
6310 377.90 16.664
6311 38.996 405.67
6312 38.715 16.706
6317 76.907 105.44
6318 76.533 4.975
6322 498.06 462.54
6323 495.51 10.037
6325 454.33 461.09
6326 455.09 10.028
6327 453.23 194.32
6328 148.21 5.048
6329 149.33 193.14
6339 487.90 5.018
6340 483.14 309.63
6341 487.14 4.990
6342 487.44 342.24
6343 488.70 5.021
6344 489.43 505.62
6345 278.07 6.056
6346 276.67 498.76
6347 488.86 5.973
6348 473.93 500.94
6349 472.11 6.013
6350 473.26 384.16
6351 473.21 13.309
6352 107.89 397.62
6353 106.43 13.805
6354 107.62 53.640
6359 137.46 2.183
6360 138.64 102.84
6363 12.828 2.222
6364 12.601 492.89
6365 12.829 8.840
6367 268.50 491.10
6368 274.39 8.819
6370 268.50 473.53
6371 24.271 4.419
6372 24.020 476.87
6373 46.598 4.465
6374 46.473 475.09
6375 468.32 4.437
6376 472.87 472.48
6377 472.49 4.405
6378 445.62 188.00
6379 445.98 2.186
6380 447.83 184.47
6381 448.16 2.146
6382 90.611 345.84
6383 90.123 2.219
6385 34.710 347.30
6386 35.050 2.228
6387 319.29 470.10
6388 316.37 2.366
6389 34.818 470.25
6390 70.287 2.361
6391 69.746 470.90
6393 502.34 2.366
6394 503.95 468.78
6395 505.73 2.354
6396 511.79 469.44
6397 312.44 2.362
6398 306.66 32.324
6399 482.72 2.206
6400 511.49 32.354
6401 496.70 2.209
6402 499.72 32.345
6403 501.87 2.210
6404 501.94 313.89
6405 138.91 17.657
6406 138.66 310.32
6407 264.98 17.481
6408 261.92 301.91
6410 480.38 16.952
6411 477.63 503.31
6412 479.63 16.412
6413 515.18 502.01
6415 515.46 16.367
6416 516.42 498.68
6417 518.54 16.272
6419 424.74 53.530
6421 452.51 2.209
6422 434.80 53.183
6423 42.338 2.193
6425 42.883 94.727
6426 43.151 2.216
6427 86.109 94.184
6428 83.317 2.201
6429 522.29 502.12
6430 519.06 8.729
6431 518.50 507.90
6432 396.22 8.837
6433 267.37 507.24
6434 518.96 8.838
6435 471.17 499.97
6436 472.49 8.705
6439 162.23 437.92
6440 164.65 7.615
6441 305.86 514.29
6442 305.83 4.704
6443 477.40 513.00
6444 480.41 4.694
6445 479.05 511.90
6446 480.31 4.677
6447 478.96 516.71
6448 479.78 4.725
6451 221.25 172.57
6452 221.86 2.215
6453 224.33 171.11
6454 23.503 2.194
6455 23.265 166.09
6456 40.565 2.128
6459 420.99 480.30
6460 423.70 5.350
6461 370.46 16.128
6462 327.45 2.165
6463 238.39 16.025
6464 242.54 2.146
6465 485.70 176.13
6466 482.76 20.590
6467 488.49 172.76
6468 74.008 20.185
6469 74.265 336.25
6470 74.756 20.639
6471 139.09 337.14
6472 139.53 20.693
6473 489.92 29.758
6474 487.31 2.166
6475 487.59 29.725
6476 491.41 2.165
6477 487.28 29.658
6478 490.43 2.163
6479 489.93 56.164
6482 775.72 2.151
6483 540.12 56.510
6484 391.59 2.163
6485 265.06 486.13
6486 184.89 14.803
6487 19.525 484.57
6488 35.417 14.759
6489 358.32 487.46
6490 478.43 14.857
6491 484.31 369.17
6493 477.42 20.888
6494 65.577 377.90
6495 119.93 21.400
6496 446.99 38.996
6497 445.28 2.183
6498 448.44 38.715
6499 445.27 2.164
6500 372.35 76.907
6501 425.39 2.169
6502 50.248 76.533
6503 94.279 2.161
6504 96.684 498.06
6506 479.01 13.358
6507 485.40 495.51
6509 485.26 13.292
6510 486.40 454.33
6512 170.72 5.828
6513 301.51 455.09
6514 488.55 5.837
6515 495.22 453.23
6516 497.80 5.814
6517 496.15 148.21
6518 411.22 2.149
6519 456.51 149.33
6520 437.26 2.164
6521 44.239 487.90
6522 27.873 3.215
6523 27.713 483.14
6524 294.74 3.178
6525 286.06 487.14
6526 291.00 3.206
6527 469.13 487.44
6528 467.60 3.210
6529 469.83 488.70
6531 46.830 3.217
6532 46.693 489.43
6533 86.703 3.225
6534 86.689 278.07
6535 484.80 2.157
6536 483.98 276.67
6537 481.38 2.147
6538 67.843 488.86
6539 123.58 3.224
6541 497.79 473.93
6542 478.29 6.992
6543 475.02 472.11
6544 205.04 6.963
6545 408.18 473.26
6546 36.839 6.976
6547 61.001 473.21
6548 477.75 6.972
6549 471.67 107.89
6550 475.28 2.155
6551 481.91 106.43
6552 107.44 2.127
7593 88.710 107.62
7594 90.829 2.153
7595 89.095 137.46
7596 88.736 20.351
7597 84.870 138.64
7599 11.592 20.566
7600 11.564 12.828
7601 11.471 2.119
7602 11.451 12.601
7603 11.160 2.073
7604 11.595 12.829
7605 21.795 2.111
7606 21.739 268.50
7607 21.897 20.171
7608 180.38 274.39
7609 180.86 20.673
7610 175.42 268.50
7611 365.09 20.186
7612 362.01 24.271
7613 367.59 2.108
7614 366.29 24.020
7615 368.81 2.083
7616 366.60 46.598
7617 43.203 2.082
7618 43.221 46.473
7619 43.427 2.076
7620 85.055 468.32
7621 85.028 17.271
7622 85.643 472.87
7623 86.082 17.446
7625 494.49 472.49
7626 495.08 17.434
7627 495.46 445.62
7628 496.99 7.641
7629 493.36 445.98
7630 496.33 7.658
7631 496.44 447.83
7632 496.51 7.695
7633 497.79 448.16
7634 498.05 7.685
7635 100.94 90.611
7636 100.65 2.069
7637 100.33 90.123
7638 29.630 2.059
7639 29.496 34.710
7640 60.759 2.102
7641 60.138 35.050
7642 189.75 2.099
7643 189.51 319.29
7644 189.00 20.491
7645 187.07 316.37
7646 360.78 20.300
7647 360.28 34.818
7648 362.60 2.071
7649 360.92 70.287
7650 362.34 2.078
7651 412.39 69.746
7652 430.37 2.064
7654 122.12 502.34
7655 120.92 15.001
7657 235.40 503.95
7658 234.75 15.041
7659 228.82 505.73
7660 240.27 15.099
7661 496.14 511.79
7662 494.45 15.290
7663 495.85 312.44
7666 492.24 20.004
7667 492.51 306.66
7668 478.34 19.640
7669 480.18 482.72
7670 480.39 6.755
7671 426.77 511.49
7672 435.88 7.165
7673 50.668 496.70
7674 50.958 6.964
7675 88.745 499.72
7676 88.933 7.013
7677 89.559 501.87
7678 145.33 7.035
7679 513.00 501.94
7680 500.05 7.025
7681 491.53 138.91
7682 494.13 2.091
7684 518.83 138.66
7685 511.59 2.092
7686 511.45 264.98
7687 512.03 2.122
7688 511.94 261.92
7689 518.66 2.092
7690 515.44 480.38
7692 512.30 3.404
7694 163.59 477.63
7695 163.48 3.390
7697 92.557 479.63
7698 92.302 3.387
7699 453.89 515.18
7702 455.11 3.659
7703 453.59 515.46
7706 497.60 3.656
7707 493.72 516.42
7708 497.55 3.657
7709 495.60 518.54
7710 495.95 3.676
7711 169.99 424.74
7712 172.00 15.603
7713 317.36 452.51
7714 314.72 16.671
7715 318.71 434.80
7716 485.57 16.008
7717 484.14 42.338
7718 483.53 1.702
7719 483.59 42.883
7720 486.21 1.723
7721 492.25 43.151
7722 495.64 1.734
7724 45.211 86.109
7725 6.032 1.779
7727 20.502 83.317
7728 20.022 1.720
7735 161.62 522.29
7736 163.95 9.465
7737 315.39 519.06
7738 318.97 9.411
7739 310.69 518.50
7740 316.52 9.402
7747 36.737 396.22
7748 37.288 7.069
7749 37.423 267.37
7750 71.294 4.699
7751 72.070 518.96
7752 72.294 4.681
7757 481.26 471.17
7758 480.29 4.230
7759 480.52 472.49
7760 56.625 4.242
7762 8.335 162.23
7768 120.00 1.751
7769 117.84 164.65
7770 119.24 1.778
7771 118.71 305.86
7772 44.277 1.778
7773 90.701 305.83
7774 87.677 1.775
7775 324.00 477.40
7776 322.62 2.221
7777 323.91 480.41
7784 486.72 2.233
7784 487.65 479.05
7785 488.55 2.229
7786 488.62 480.31
7787 490.12 2.234
7790 181.11 478.96
7791 173.46 2.232
7792 179.81 479.78
7793 26.857 2.233
7794 26.879 221.25
7796 218.39 14.042
7797 217.52 221.86
7798 411.42 14.076
7799 410.33 224.33
7800 209.59 14.229
7801 47.740 23.503
7802 47.566 1.778
7803 90.391 23.265
7804 87.289 1.759
7805 489.44 40.565
7806 490.95 1.768
7807 486.05 420.99
7808 222.62 14.911
7809 222.49 423.70
7811 54.064 15.002
7812 106.14 370.46
7813 411.13 13.010
7814 414.86 327.45
7815 485.59 11.423
7816 483.43 238.39
7817 484.80 8.211
7819 204.17 242.54
7820 206.16 8.354
