Run  HMS Rate SHMS Rate
7593	6.314	88.71
7594	6.473	90.829
7595	6.345	89.095
7596	6.318	88.736
7597	6.042	84.87
7599	0.928	11.592
7600	0.925	11.564
7601	0.917	11.471
7602	0.915	11.451
7603	0.892	11.16
7604	0.926	11.595
7605	0.92	21.795
7606	0.918	21.739
7607	0.926	21.897
7608	6.495	180.387
7609	6.51	180.863
7610	6.383	175.427
7611	6.433	365.09
7612	6.373	362.012
7613	6.477	367.39
7614	6.454	366.29
7615	6.501	368.817
7616	6.461	366.605
7617	0.929	43.203
7618	0.93	43.221
7619	0.934	43.427
7620	0.921	85.055
7621	0.921	85.028
7622	0.927	85.599
7623	0.933	86.082
7625	4.095	494.239
7626	4.099	495.085
7627	4.102	495.468
7628	4.116	496.993
7629	4.086	493.36
7630	4.108	496.076
7631	4.111	496.443
7632	4.115	496.515
7633	4.123	497.79
7634	4.126	498.05
7635	3.184	100.942
7636	3.175	100.656
7637	3.165	100.332
7638	0.924	29.63
7639	0.92	29.496
7640	0.918	60.759
7641	0.911	60.138
7642	2.746	189.756
7643	2.74	189.515
7644	2.732	189.009
7645	2.704	187.077
7646	2.474	360.441
7647	2.476	360.285
7648	2.491	362.608
7649	2.476	360.58
7650	2.491	362.344
7651	2.853	412.392
7652	2.983	429.795
7654	0.915	122.121
7655	0.906	120.841
7657	0.909	235.273
7658	0.907	234.614
7659	0.885	228.824
7660	0.928	240.272
7661	1.693	496.148
7662	1.687	494.146
7663	1.695	495.851
7666	1.681	492.245
7667	1.681	492.514
7668	1.631	478.346
7669	1.639	480.188
7670	1.637	480.004
7671	6.823	426.507
7672	6.977	435.883
7673	1.042	50.64
7674	1.048	50.958
7675	1.048	88.745
7676	1.05	88.884
7677	1.057	89.559
7678	1.411	145.331
7679	4.439	513.004
7680	4.321	500.052
7681	4.242	491.282
7682	4.263	493.877
7684	2.342	518.833
7685	2.306	511.369
7686	2.304	511.454
7687	2.308	512.033
7688	2.31	511.94
7689	2.34	518.667
7690	2.323	515.441
7692	2.311	512.306
7694	1.052	163.408
7695	1.053	163.48
7697	1.061	92.557
7698	1.059	92.302
7699	4.168	453.669
7702	4.187	455.119
7703	4.172	453.599
7706	2.366	497.608
7707	2.346	493.723
7708	2.364	497.33
7709	2.355	495.601
7710	2.355	495.958
7711	1.031	169.785
7712	1.044	172.003
7713	1.041	317.36
7714	1.034	314.721
7715	1.046	318.495
7716	1.224	485.309
7717	1.22	484.146
7718	1.219	483.228
7719	1.217	483.335
7720	1.224	485.687
7721	1.239	492.019
7722	1.249	495.23
7723	3.388	20.843
7724	6.164	45.211
7725	0.907	6.032
7727	0.914	20.491
7728	0.891	20.022
7729	3.299	67.653
7730	3.364	68.988
7733	3.266	66.995
7735	6.063	161.438
7736	6.163	163.959
7737	6.067	315.197
7738	6.133	318.407
7739	5.971	310.699
7740	6.087	316.195
7741	3.295	132.185
7742	2.931	117.677
7743	3.369	135.055
7747	0.875	36.737
7748	0.888	37.288
7749	0.892	37.365
7750	0.881	71.294
7751	0.888	71.994
7752	0.892	72.294
7753	3.344	274.954
7754	3.35	275.82
7755	3.286	270.543
7757	4.537	481.267
7758	4.528	480.294
7759	4.527	480.293
7760	6.129	56.625
7762	0.89	8.335
7763	3.331	27.582
7765	1.329	69.168
7766	1.305	67.916
7768	2.127	120.003
7769	2.088	117.705
7770	2.114	119.244
7771	2.104	118.63
7772	0.858	44.253
7773	0.87	90.701
7774	0.842	87.677
7775	2.764	323.717
7776	2.752	322.622
7777	2.764	323.915
7778	1.302	144.087
7779	1.313	145.43
7781	1.251	285.13
7782	1.249	284.982
7783	2.041	486.726
7784	2.046	487.659
7785	2.048	488.361
7786	2.048	488.409
7787	2.052	489.487
7790	0.884	180.963
7791	0.847	173.466
7792	0.878	179.811
7793	0.98	26.857
7794	0.982	26.879
7796	6.541	218.264
7797	6.521	217.529
7798	6.604	411.429
7799	6.582	410.081
7800	3.267	209.591
7801	0.976	47.74
7802	0.971	47.528
7803	0.985	90.391
7804	0.951	87.289
7805	3.928	489.445
7806	3.941	490.957
7807	3.899	485.645
7808	3.522	222.4
7809	3.524	222.499
7811	0.984	54.064
7812	0.984	106.143
7813	3.229	410.893
7814	3.263	414.864
7815	1.909	485.023
7816	1.902	483.246
7817	1.908	484.803
7820	0.991	206.166
7822	0.364	4.525
7823	0.45	5.523
7824	0.102	1.188
7826	0.611	4.723
7827	0.625	4.836
7828	0.135	1.05
7829	0.208	0.988
7830	0.943	4.141
