Run	Hms_ang	shms_ang rate	hms_P    shms_P	
6009   -21.05   23.613   0.56   6.3580   5.4140
6010   -19.77   25.009   1.06   6.3580   5.0900
6011   -19.77   25.009   0.21   6.3580   5.0900
6012   -18.56   26.445   1.62   6.3580   4.7680
6013   -21.29   23.390   0.71   5.9830   5.4710
6014   -21.29   23.390   0.15   5.9830   5.4710
6015   -22.42   22.290   0.13   5.7140   5.7440
6016   -22.42   22.291   0.62   5.7140   5.7440
6017   -24.41   20.585   0.46   5.2700   6.1930
6018   -16.63   11.612   17.8   4.5080   4.2620
6019   -16.63   11.612   17.8   4.5080   4.2620
6020   -16.63   11.612   17.8   4.5080   4.2620
6022   -16.63   11.612   4.32   4.5080   4.2620
6023   -16.63   11.612   12.4   4.5080   4.2620
6024   -16.63   11.612   14.7   4.5080   4.2620
6025   -16.63   11.612   13.6   4.5080   4.2620
6026   -16.63   11.612   4.18   4.5080   4.2620
6027   -16.63   11.612   4.23   4.5080   3.6530
6028   -16.63   11.612   4.26   4.5080   3.6530
6029   -16.63   11.612   10.3   4.5080   3.6530
6030   -16.63   11.612   9.10   4.5080   3.6530
6031   -16.63   11.612   9.40   4.5080   3.6530
6032   -16.63   11.612   9.55   4.5080   3.6530
6033   -16.63   11.612   10.0   4.5080   3.6530
6034   -16.63   11.612   9.01   4.5080   3.6530
6035   -16.63   11.612   9.60   4.5080   3.6530
6036   -16.63   11.612   9.91   4.5080   3.6530
6038   -16.63   11.612   5.07   4.5080   3.0430
6039   -16.63   11.612   5.09   4.5080   3.0430
6040   -16.63   11.612   5.11   4.5080   3.0430
6041   -16.63   11.612   5.12   4.5080   3.0430
6042   -16.63   11.612   5.10   4.5080   3.0430
6043   -16.63   11.612   5.99   4.5080   3.0430
6044   -16.63   11.612   6.02   4.5080   3.0430
6045   -16.63   11.612   6.02   4.5080   3.0430
6046   -16.63   11.612   4.34   4.5080   3.0430
6049   -16.63   11.612   3.64   4.5080   2.4330
6050   -16.63   11.612   3.63   4.5080   2.4330
6051   -16.63   11.612   3.63   4.5080   2.4330
6052   -16.63   11.612   3.63   4.5080   2.4330
6053   -16.63   11.612   3.64   4.5080   2.4330
6055   -16.63   11.612   4.24   4.5080   2.4330
6056   -16.63   11.612   4.34   4.5080   2.4330
6057   -16.63   11.612   4.36   4.5080   2.4330
6058   -16.63   11.612   4.38   4.5080   2.4330
6059   -16.63   11.612   3.42   4.5080   2.4330
6060   -16.63   11.612   3.43   4.5080   2.4330
6061   -16.63   11.612   3.84   4.5080   2.4330
6062   -16.63   11.612   3.83   4.5080   2.4330
6063   -16.63   11.612   3.84   4.5080   2.4330
6064   -16.63   11.612   3.84   4.5080   2.4330
6065   -16.63   11.612   15.1   4.5080   4.2620
6066   -16.63   11.612   16.2   4.5080   4.2620
6067   -16.63   11.612   4.34   4.5080   4.2620
6068   -16.63   11.612   27.0   4.5080   4.2620
6070   -16.63   11.612   27.1   4.5080   4.2620
6071   -16.63   11.612   27.2   4.5080   4.2620
6073   -16.63   11.612   16.6   4.5080   3.6530
6080   -16.63   11.612   4.35   4.5080   3.6530
6081   -16.63   11.612   16.5   4.5080   3.6530
6082   -16.63   11.612   15.6   4.5080   3.6530
6083   -16.63   11.612   15.8   4.5080   3.6530
6084   -16.63   11.612   10.5   4.5080   3.0430
6085   -16.63   11.612   10.5   4.5080   3.0430
6086   -16.63   11.612   10.5   4.5080   3.0430
6087   -16.63   11.612   4.23   4.5080   3.0430
6088   -16.63   11.612   9.67   4.5080   3.0430
6089   -16.63   11.612   9.78   4.5080   3.0430
6090   -16.63   11.612   9.73   4.5080   3.0430
6091   -16.63   11.612   5.73   4.5080   2.4330
6093   -16.63   11.612   5.62   4.5080   2.4330
6094   -16.63   11.612   5.50   4.5080   2.4330
6095   -16.63   11.612   5.65   4.5080   2.4330
6096   -16.63   11.612   5.68   4.5080   2.4330
6097   -16.63   11.612   4.04   4.5080   2.4330
6098   -16.63   11.612   4.23   4.5080   2.4330
6099   -16.63   11.612   5.63   4.5080   2.4330
6101   -16.63   11.612   5.26   4.5080   2.4330
6102   -16.63   11.612   5.71   4.5080   2.4330
6103   -16.63   11.612   5.69   4.5080   2.4330
6104   -14.24   17.038   11.8   5.9830   3.2290
6105   -14.24   17.038   10.4   5.9830   3.2290
6106   -14.24   17.038   9.36   5.9830   3.2290
6109   -14.24   17.038   3.67   5.9830   3.2290
6110   -14.24   17.038   3.78   5.9830   3.2290
6111   -14.24   17.038   19.3   5.9830   3.2290
6112   -14.24   17.038   20.2   5.9830   3.2290
6114   -14.24   17.038   19.3   5.9830   3.2290
6115   -14.24   17.038   21.0   5.9830   2.7670
6116   -14.24   17.038   20.6   5.9830   2.7670
6117   -14.24   17.038   13.8   5.9830   2.7670
6118   -14.24   17.038   15.6   5.9830   2.7670
6119   -14.24   17.038   5.03   5.9830   2.7670
6120   -14.24   17.038   4.98   5.9830   2.7670
6121   -14.24   17.038   14.9   5.9830   2.7670
6122   -14.24   17.038   24.5   5.9830   2.3040
6123   -14.24   17.038   24.3   5.9830   2.3040
6124   -14.24   17.038   22.5   5.9830   2.3040
6125   -14.24   17.038   22.9   5.9830   2.3040
6126   -14.24   17.038   19.8   5.9830   2.3040
6127   -14.24   17.038   5.03   5.9830   2.3040
6128   -14.24   17.038   4.95   5.9830   2.3040
6129   -14.24   17.038   4.64   5.9830   1.8420
6130   -14.24   17.038   4.99   5.9830   1.8420
6132   -14.24   17.038   4.05   5.9830   1.8420
6133   -14.24   17.038   1.36   5.9830   1.8420
6135   -14.24   17.038   2.00   5.9830   1.8420
6136   -14.24   17.038   11.9   5.9830   1.8420
6137   -14.24   17.038   11.8   5.9830   1.8420
6138   -14.24   17.038   11.9   5.9830   1.8420
6139   -14.24   17.038   14.5   5.9830   1.8420
6140   -14.24   17.038   15.2   5.9830   1.8420
6141   -14.24   17.038   15.4   5.9830   1.8420
6142   -14.24   17.038   17.7   5.9830   3.2290
6144   -14.24   17.038   17.7   5.9830   3.2290
6145   -14.24   17.038   34.3   5.9830   3.2290
6146   -14.24   17.038   30.9   5.9830   3.2290
6154   -14.24   17.038   14.9   5.9830   3.2290
6155   -14.24   17.038   2.50   5.9830   3.2290
6163   -14.24   17.038   28.9   5.9830   3.2290
6164   -14.24   17.038   30.8   5.9830   3.2290
6166   -14.24   17.038   20.0   5.9830   3.2290
6168   -14.24   17.038   4.80   5.9830   3.2290
6169   -14.24   17.038   5.06   5.9830   3.2290
6170   -14.24   17.038   16.6   5.9830   2.7670
6171   -14.24   17.038   16.7   5.9830   2.7670
6172   -14.24   17.038   4.97   5.9830   2.7670
6174   -14.24   17.038   20.2   5.9830   2.7670
6175   -14.24   17.038   19.8   5.9830   2.7670
6177   -14.24   17.038   10.8   5.9830   2.3040
6178   -14.24   17.038   10.7   5.9830   2.3040
6179   -14.24   17.038   10.0   5.9830   2.3040
6180   -14.24   17.038   10.0   5.9830   2.3040
6181   -14.24   17.038   5.04   5.9830   2.3040
6182   -14.24   17.038   5.01   5.9830   2.3040
6183   -14.24   17.038   4.99   5.9830   1.8420
6184   -14.24   17.038   5.02   5.9830   1.8420
6185   -14.24   17.038   6.04   5.9830   1.8420
6186   -14.24   17.038   5.96   5.9830   1.8420
6187   -14.24   17.038   6.00   5.9830   1.8420
6188   -14.24   17.038   6.20   5.9830   1.8420
6189   -14.24   17.038   6.15   5.9830   1.8420
6190   -14.24   17.038   6.22   5.9830   1.8420
6192   -17.25   14.164   9.20   4.9730   3.9360
6193   -17.25   14.164   8.97   4.9730   3.9360
6194   -17.25   14.164   13.3   4.9730   3.9360
6195   -17.25   14.164   13.7   4.9730   3.9360
6196   -17.25   14.164   2.18   4.9730   3.9360
6197   -17.25   14.164   2.22   4.9730   3.3730
6198   -17.25   14.164   8.83   4.9730   3.3730
6199   -17.25   14.164   8.81   4.9730   3.3730
6200   -17.25   14.164   8.40   4.9730   3.3730
6201   -17.25   14.164   8.45   4.9730   3.3730
6202   -17.25   14.164   4.59   4.9730   2.8100
6203   -17.25   14.164   4.58   4.9730   2.8100
6204   -17.25   14.164   4.56   4.9730   2.8100
6205   -17.25   14.164   4.41   4.9730   2.8100
6208   -17.25   14.164   4.46   4.9730   2.8100
6209   -17.25   14.164   4.43   4.9730   2.8100
6210   -17.25   14.164   4.39   4.9730   2.8100
6211   -17.25   14.164   2.18   4.9730   2.8100
6212   -17.25   14.164   2.14   4.9730   2.8100
6213   -17.25   14.164   2.21   4.9730   2.2460
6214   -17.25   14.164   2.22   4.9730   2.2460
6215   -17.25   14.164   2.36   4.9730   2.2460
6216   -17.25   14.164   2.36   4.9730   2.2460
6217   -17.25   14.164   2.36   4.9730   2.2460
6219   -17.25   14.164   2.35   4.9730   2.2460
6220   -17.25   14.164   2.36   4.9730   2.2460
6221   -17.25   14.164   2.55   4.9730   2.2460
6222   -17.25   14.164   2.41   4.9730   2.2460
6223   -17.25   14.164   2.57   4.9730   2.2460
6224   -17.25   14.164   2.58   4.9730   2.2460
6225   -17.25   14.164   2.56   4.9730   2.2460
6237   -17.25   14.164   8.44   4.9730   3.9360
6240   -17.25   14.164   8.42   4.9730   3.9360
6241   -17.25   14.164   8.39   4.9730   3.9360
6242   -17.25   14.164   2.20   4.9730   3.9360
6243   -17.25   14.164   2.20   4.9730   3.9360
6244   -17.25   14.164   2.21   4.9730   3.9360
6245   -17.25   14.164   17.6   4.9730   3.9360
6246   -17.25   14.164   17.4   4.9730   3.9360
6247   -17.25   14.164   16.8   4.9730   3.9360
6248   -17.25   14.164   16.4   4.9730   3.3730
6249   -17.25   14.164   16.3   4.9730   3.3730
6250   -17.25   14.164   16.2   4.9730   3.3730
6251   -17.25   14.164   2.20   4.9730   3.3730
6252   -17.25   14.164   2.19   4.9730   3.3730
6253   -17.25   14.164   9.15   4.9730   3.3730
6254   -17.25   14.164   9.15   4.9730   3.3730
6255   -17.25   14.164   8.84   4.9730   3.3730
6256   -17.25   14.164   9.23   4.9730   2.8100
6257   -17.25   14.164   8.96   4.9730   2.8100
6258   -17.25   14.164   8.86   4.9730   2.8100
6259   -17.25   14.164   8.91   4.9730   2.8100
6260   -17.25   14.164   9.06   4.9730   2.8100
6261   -17.25   14.164   2.21   4.9730   2.8100
6262   -17.25   14.164   2.20   4.9730   2.8100
6263   -17.25   14.164   8.73   4.9730   2.8100
6264   -17.25   14.164   8.83   4.9730   2.8100
6265   -17.25   14.164   8.83   4.9730   2.8100
6266   -17.25   14.164   8.70   4.9730   2.8100
6267   -17.25   14.164   7.61   4.9730   2.8100
6270   -17.25   14.164   4.70   4.9730   2.2460
6271   -17.25   14.164   4.69   4.9730   2.2460
6272   -17.25   14.164   4.67   4.9730   2.2460
6273   -17.25   14.164   4.72   4.9730   2.2460
6274   -17.25   14.164   2.20   4.9730   2.2460
6275   -17.25   14.164   2.18   4.9730   2.2460
6276   -17.25   14.164   2.12   4.9730   2.2460
6277   -17.25   14.164   5.34   4.9730   2.2460
6281   -17.25   14.164   5.23   4.9730   2.2460
6282   -17.25   14.164   5.21   4.9730   2.2460
6284   -17.25   14.164   5.30   4.9730   2.2460
6285   -15.75   18.506   9.58   5.9830   3.2290
6286   -15.75   18.506   11.5   5.9830   3.2290
6287   -15.75   18.506   11.5   5.9830   3.2290
6288   -15.75   18.506   2.16   5.9830   3.2290
6289   -15.75   18.506   2.14   5.9830   3.2290
6290   -15.75   18.506   20.5   5.9830   3.2290
6291   -15.75   18.506   20.1   5.9830   3.2290
6292   -15.75   18.506   20.6   5.9830   2.7670
6293   -15.75   18.506   20.6   5.9830   2.7670
6294   -15.75   18.506   2.16   5.9830   2.7670
6295   -15.75   18.506   2.16   5.9830   2.7670
6296   -15.75   18.506   2.16   5.9830   2.7670
6297   -15.75   18.506   9.34   5.9830   2.7670
6298   -15.75   18.506   9.56   5.9830   2.7670
6299   -15.75   18.506   9.72   5.9830   2.7670
6300   -15.75   18.506   9.96   5.9830   2.3040
6301   -15.75   18.506   11.5   5.9830   2.3040
6302   -15.75   18.506   11.5   5.9830   2.3040
6304   -15.75   18.506   2.15   5.9830   2.3040
6305   -15.75   18.506   2.16   5.9830   2.3040
6306   -15.75   18.506   14.8   5.9830   2.3040
6307   -15.75   18.506   14.7   5.9830   2.3040
6308   -15.75   18.506   14.8   5.9830   2.3040
6309   -15.75   18.506   20.8   5.9830   3.2290
6310   -15.75   18.506   21.4   5.9830   3.2290
6311   -15.75   18.506   2.18   5.9830   3.2290
6312   -15.75   18.506   2.16   5.9830   3.2290
6313   -15.75   18.506   11.5   5.9830   3.2290
6314   -15.75   18.506   11.5   5.9830   3.2290
6315   -15.75   18.506   11.5   5.9830   2.7670
6316   -15.75   18.506   11.6   5.9830   2.7670
6317   -15.75   18.506   2.16   5.9830   2.7670
6318   -15.75   18.506   2.16   5.9830   2.7670
6322   -15.75   18.506   13.3   5.9830   2.7670
6323   -15.75   18.506   13.2   5.9830   2.7670
6324   -15.75   18.506   5.84   5.9830   2.3040
6325   -15.75   18.506   5.82   5.9830   2.3040
6326   -15.75   18.506   5.83   5.9830   2.3040
6327   -15.75   18.506   5.80   5.9830   2.3040
6328   -15.75   18.506   2.14   5.9830   2.3040
6329   -15.75   18.506   2.16   5.9830   2.3040
6331   -15.75   18.506   7.03   5.9830   2.3040
6332   -15.75   18.506   7.03   5.9830   2.3040
6334   -15.75   18.506   3.39   5.9830   1.8420
6335   -15.75   18.506   3.40   5.9830   1.8420
6336   -15.75   18.506   3.40   5.9830   1.8420
6337   -15.75   18.506   3.41   5.9830   1.8420
6338   -15.75   18.506   3.41   5.9830   1.8420
6339   -15.75   18.506   3.20   5.9830   1.8420
6340   -15.75   18.506   3.17   5.9830   1.8420
6341   -15.75   18.506   3.20   5.9830   1.8420
6342   -15.75   18.506   3.20   5.9830   1.8420
6343   -15.75   18.506   3.21   5.9830   1.8420
6344   -15.75   18.506   3.22   5.9830   1.8420
6345   -15.75   18.506   2.15   5.9830   1.8420
6346   -15.75   18.506   2.14   5.9830   1.8420
6347   -15.75   18.506   3.22   5.9830   1.8420
6348   -15.75   18.506   6.99   5.9830   1.8420
6349   -15.75   18.506   6.96   5.9830   1.8420
6350   -15.75   18.506   6.97   5.9830   1.8420
6351   -15.75   18.506   6.97   5.9830   1.8420
6352   -15.75   18.506   2.15   5.9830   1.8420
6353   -15.75   18.506   2.12   5.9830   1.8420
6354   -15.75   18.506   2.15   5.9830   1.8420
6355   -15.75   18.506   9.40   5.9830   1.8420
6356   -15.75   18.506   9.91   5.9830   1.8420
6357   -15.75   18.506   9.88   5.9830   1.8420
6358   -15.75   18.506   9.84   5.9830   1.8420
6359   -15.30   20.588   20.3   6.3580   2.9660
6360   -15.30   20.588   20.5   6.3580   2.9660
6363   -15.30   20.588   2.11   6.3580   2.9660
6364   -15.30   20.588   2.07   6.3580   2.9660
6365   -15.30   20.588   2.11   6.3580   2.9660
6367   -15.30   20.588   20.1   6.3580   2.5410
6368   -15.30   20.588   20.6   6.3580   2.5410
6370   -15.30   20.588   20.1   6.3580   2.5410
6371   -15.30   20.588   2.10   6.3580   2.5410
6372   -15.30   20.588   2.08   6.3580   2.5410
6373   -15.30   20.588   2.08   6.3580   2.1160
6374   -15.30   20.588   2.07   6.3580   2.1160
6375   -15.30   20.588   17.2   6.3580   2.1160
6376   -15.30   20.588   17.4   6.3580   2.1160
6377   -15.30   20.588   17.4   6.3580   2.1160
6378   -15.30   20.588   7.64   6.3580   1.6910
6379   -15.30   20.588   7.64   6.3580   1.6910
6380   -15.30   20.588   7.69   6.3580   1.6910
6381   -15.30   20.588   7.68   6.3580   1.6910
6382   -15.30   20.588   2.06   6.3580   1.6910
6383   -15.30   20.588   2.05   6.3580   1.6910
6385   -15.30   20.588   2.10   6.3580   2.9660
6386   -15.30   20.588   2.09   6.3580   2.9660
6387   -15.30   20.588   20.4   6.3580   2.9660
6388   -15.30   20.588   20.3   6.3580   2.9660
6389   -15.30   20.588   2.07   6.3580   2.9660
6390   -15.30   20.588   2.07   6.3580   2.5410
6391   -15.30   20.588   2.06   6.3580   2.5410
6393   -15.30   20.588   15.0   6.3580   2.5410
6394   -15.30   20.588   15.0   6.3580   2.5410
6395   -15.30   20.588   15.1   6.3580   2.5410
6396   -15.30   20.588   15.2   6.3580   2.5410
6397   -15.30   20.588   19.8   6.3580   2.9660
6398   -15.30   20.588   19.5   6.3580   2.9660
6399   -15.30   20.588   6.75   6.3580   2.1160
6400   -15.30   20.588   7.16   6.3580   2.1160
6401   -15.30   20.588   6.96   6.3580   2.1160
6402   -15.30   20.588   7.00   6.3580   2.1160
6403   -15.30   20.588   7.02   6.3580   2.1160
6404   -15.30   20.588   7.01   6.3580   2.1160
6405   -15.30   20.588   2.09   6.3580   2.1160
6406   -15.30   20.588   2.09   6.3580   2.1160
6407   -15.30   20.588   2.12   6.3580   1.6910
6408   -15.30   20.588   2.09   6.3580   1.6910
6410   -15.30   20.588   3.40   6.3580   1.6910
6411   -15.30   20.588   3.38   6.3580   1.6910
6412   -15.30   20.588   3.38   6.3580   1.6910
6413   -15.30   20.588   3.65   6.3580   1.6910
6415   -15.30   20.588   3.65   6.3580   1.6910
6416   -15.30   20.588   3.66   6.3580   1.6910
6417   -15.30   20.588   3.67   6.3580   1.6910
6419   -17.21   15.640   15.5   5.2700   3.7290
6421   -17.21   15.640   16.6   5.2700   3.7290
6422   -17.21   15.640   15.9   5.2700   3.7290
6423   -17.21   15.640   1.70   5.2700   3.7290
6425   -17.21   15.640   1.72   5.2700   3.7290
6426   -17.21   15.640   1.73   5.2700   3.7290
6427   -17.21   15.640   1.77   5.2700   3.1950
6428   -17.21   15.640   1.71   5.2700   3.1950
6429   -17.21   15.640   9.46   5.2700   3.1950
6430   -17.21   15.640   9.41   5.2700   3.1950
6431   -17.21   15.640   9.40   5.2700   3.1950
6432   -17.21   15.640   7.06   5.2700   3.1950
6433   -17.21   15.640   4.69   5.2700   3.1950
6434   -17.21   15.640   4.68   5.2700   2.6620
6435   -17.21   15.640   4.22   5.2700   2.6620
6436   -17.21   15.640   4.23   5.2700   2.6620
6439   -17.21   15.640   1.75   5.2700   2.6620
6440   -17.21   15.640   1.77   5.2700   2.6620
6441   -17.21   15.640   1.77   5.2700   2.1280
6442   -17.21   15.640   1.77   5.2700   2.1280
6443   -17.21   15.640   2.22   5.2700   2.1280
6444   -17.21   15.640   2.23   5.2700   2.1280
6445   -17.21   15.640   2.22   5.2700   2.1280
6446   -17.21   15.640   2.23   5.2700   2.1280
6447   -17.21   15.640   2.22   5.2700   2.1280
6448   -17.21   15.640   2.23   5.2700   2.1280
6449   -17.21   15.640   12.3   5.2700   3.7290
6450   -17.21   15.640   15.2   5.2700   3.7290
6451   -17.21   15.640   14.0   5.2700   3.7290
6452   -17.21   15.640   14.0   5.2700   3.7290
6453   -17.21   15.640   14.2   5.2700   3.7290
6454   -17.21   15.640   1.77   5.2700   3.7290
6455   -17.21   15.640   1.75   5.2700   3.7290
6456   -17.21   15.640   1.76   5.2700   3.1950
6459   -17.21   15.640   14.8   5.2700   3.1950
6460   -17.21   15.640   15.0   5.2700   3.1950
6461   -17.21   15.640   13.0   5.2700   3.1950
6462   -17.21   15.640   11.4   5.2700   3.1950
6463   -17.21   15.640   8.21   5.2700   3.1950
6464   -17.21   15.640   8.35   5.2700   3.1950
6465   -17.21   15.640   8.81   5.2700   2.6620
6466   -17.21   15.640   8.75   5.2700   2.6620
6467   -17.21   15.640   8.85   5.2700   2.6620
6468   -17.21   15.640   1.76   5.2700   2.6620
6469   -17.21   15.640   1.76   5.2700   2.6620
6470   -17.21   15.640   1.78   5.2700   2.6620
6471   -17.21   15.640   1.77   5.2700   2.1280
6472   -17.21   15.640   1.77   5.2700   2.1280
6473   -17.21   15.640   4.47   5.2700   2.1280
6474   -17.21   15.640   4.43   5.2700   2.1280
6475   -17.21   15.640   4.45   5.2700   2.1280
6476   -17.21   15.640   4.49   5.2700   2.1280
6477   -17.21   15.640   4.45   5.2700   2.1280
6478   -17.21   15.640   4.48   5.2700   2.1280
6479   -17.21   15.640   4.48   5.2700   2.1280
6482   -13.96   9.0410   36.6   6.3580   7
6483   -13.96   9.0410   25.5   6.3580   7
6484   -13.96   9.0410   18.7   6.3580   7
6485   -13.96   9.0410   12.6   6.3580   7
6486   -13.96   19.086   37.5   6.3580   2.9660
6487   -13.96   19.086   4.71   6.3580   2.9660
6488   -13.96   19.086   4.71   6.3580   2.5410
6489   -13.96   19.086   38.7   6.3580   2.5410
6490   -13.96   19.086   26.5   6.3580   2.1160
6491   -13.96   19.086   26.9   6.3580   2.1160
6493   -13.96   19.086   26.4   6.3580   2.1160
6494   -13.96   19.086   4.72   6.3580   2.1160
6495   -13.96   19.086   4.68   6.3580   1.6910
6496   -13.96   19.086   12.5   6.3580   1.6910
6497   -13.96   19.086   12.5   6.3580   1.6910
6498   -13.96   19.086   12.6   6.3580   1.6910
6499   -13.96   19.086   12.5   6.3580   1.6910
6500   -13.96   19.086   34.1   6.3580   2.9660
6501   -13.96   19.086   39.3   6.3580   2.9660
6502   -13.96   19.086   4.70   6.3580   2.9660
6503   -13.96   19.086   4.63   6.3580   2.5410
6504   -13.96   19.086   4.75   6.3580   2.5410
6506   -13.96   19.086   21.8   6.3580   2.5410
6507   -13.96   19.086   22.0   6.3580   2.5410
6509   -13.96   19.086   11.2   6.3580   2.1160
6510   -13.96   19.086   11.3   6.3580   2.1160
6512   -13.96   19.086   4.52   6.3580   2.1160
6513   -13.96   19.086   4.53   6.3580   1.6910
6514   -13.96   19.086   6.14   6.3580   1.6910
6515   -13.96   19.086   6.24   6.3580   1.6910
6516   -13.96   19.086   6.28   6.3580   1.6910
6517   -13.96   19.086   6.26   6.3580   1.6910
6518   -19.05   14.175   9.40   4.7360   4.1020
6519   -19.05   14.175   10.4   4.7360   4.1020
6520   -19.05   14.175   10.0   4.7360   4.1020
6521   -19.05   14.175   1.18   4.7360   4.1020
6522   -19.05   14.175   1.19   4.7360   4.1020
6523   -19.05   14.175   1.18   4.7360   4.1020
6524   -19.05   14.175   10.4   4.7360   4.1020
6525   -19.05   14.175   10.1   4.7360   4.1020
6526   -19.05   14.175   10.3   4.7360   4.1020
6527   -19.05   14.175   9.62   4.7360   3.5150
6528   -19.05   14.175   9.57   4.7360   3.5150
6529   -19.05   14.175   9.64   4.7360   3.5150
6531   -19.05   14.175   1.21   4.7360   3.5150
6532   -19.05   14.175   1.20   4.7360   3.5150
6533   -19.05   14.175   1.20   4.7360   3.5150
6534   -19.05   14.175   1.20   4.7360   3.5150
6535   -19.05   14.175   5.55   4.7360   3.5150
6536   -19.05   14.175   5.54   4.7360   3.5150
6537   -15.38   14.208   26.2   5.2700   3.7290
6538   -15.38   14.208   4.33   5.2700   3.7290
6539   -15.38   14.208   4.34   5.2700   3.1950
6541   -15.38   14.208   14.4   5.2700   3.1950
6542   -15.38   14.208   7.50   5.2700   2.6620
6543   -15.38   14.208   7.45   5.2700   2.6620
6544   -15.38   14.208   4.01   5.2700   2.6620
6545   -15.38   14.208   37.8   5.2700   3.7290
6546   -15.38   14.208   4.18   5.2700   3.7290
6547   -15.38   14.208   4.18   5.2700   3.1950
6548   -15.38   14.208   25.5   5.2700   3.1950
6549   -15.38   14.208   25.2   5.2700   3.1950
6550   -15.38   14.208   13.8   5.2700   2.6620
6551   -15.38   14.208   14.0   5.2700   2.6620
6552   -15.38   14.208   4.26   5.2700   2.6620
7593   -17.65   19.930   6.31   5.7140   3.1500
7594   -17.65   19.930   6.47   5.7140   3.1500
7595   -17.65   19.930   6.34   5.7140   3.1500
7596   -17.65   19.930   6.31   5.7140   3.1500
7597   -17.65   19.930   6.04   5.7140   3.1500
7599   -17.65   19.930   0.92   5.7140   3.1500
7600   -17.65   19.930   0.92   5.7140   3.1500
7601   -17.65   19.930   0.91   5.7140   3.1500
7602   -17.65   19.930   0.91   5.7140   3.1500
7603   -17.65   19.930   0.89   5.7140   3.1500
7604   -17.65   19.930   0.92   5.7140   3.1500
7605   -17.65   19.930   0.92   5.7140   2.6990
7606   -17.65   19.930   0.91   5.7140   2.6990
7607   -17.65   19.930   0.92   5.7140   2.6990
7608   -17.65   19.930   6.49   5.7140   2.6990
7609   -17.65   19.930   6.51   5.7140   2.6990
7610   -17.65   19.930   6.38   5.7140   2.6990
7611   -17.65   19.930   6.43   5.7140   2.2480
7612   -17.65   19.930   6.37   5.7140   2.2480
7613   -17.65   19.930   6.47   5.7140   2.2480
7614   -17.65   19.930   6.45   5.7140   2.2480
7615   -17.65   19.930   6.50   5.7140   2.2480
7616   -17.65   19.930   6.46   5.7140   2.2480
7617   -17.65   19.930   0.92   5.7140   2.2480
7618   -17.65   19.930   0.93   5.7140   2.2480
7619   -17.65   19.930   0.93   5.7140   2.2480
7620   -17.65   19.930   0.92   5.7140   1.7970
7621   -17.65   19.930   0.92   5.7140   1.7970
7622   -17.65   19.930   0.92   5.7140   1.7970
7623   -17.65   19.930   0.93   5.7140   1.7970
7625   -17.65   19.930   4.09   5.7140   1.7970
7626   -17.65   19.930   4.09   5.7140   1.7970
7627   -17.65   19.930   4.10   5.7140   1.7970
7628   -17.65   19.930   4.11   5.7140   1.7970
7629   -17.65   19.930   4.08   5.7140   1.7970
7630   -17.65   19.930   4.10   5.7140   1.7970
7631   -17.65   19.930   4.11   5.7140   1.7970
7632   -17.65   19.930   4.11   5.7140   1.7970
7633   -17.65   19.930   4.12   5.7140   1.7970
7634   -17.65   19.930   4.12   5.7140   1.7970
7635   -17.65   19.930   3.18   5.7140   3.1500
7636   -17.65   19.930   3.17   5.7140   3.1500
7637   -17.65   19.930   3.16   5.7140   3.1500
7638   -17.65   19.930   0.92   5.7140   3.1500
7639   -17.65   19.930   0.92   5.7140   3.1500
7640   -17.65   19.930   0.91   5.7140   2.6990
7641   -17.65   19.930   0.91   5.7140   2.6990
7642   -17.65   19.930   2.74   5.7140   2.6990
7643   -17.65   19.930   2.74   5.7140   2.6990
7644   -17.65   19.930   2.73   5.7140   2.6990
7645   -17.65   19.930   2.70   5.7140   2.6990
7646   -17.65   19.930   2.47   5.7140   2.2480
7647   -17.65   19.930   2.47   5.7140   2.2480
7648   -17.65   19.930   2.49   5.7140   2.2480
7649   -17.65   19.930   2.47   5.7140   2.2480
7650   -17.65   19.930   2.49   5.7140   2.2480
7651   -17.65   19.930   2.85   5.7140   2.2480
7652   -17.65   19.930   2.98   5.7140   2.2480
7654   -17.65   19.930   0.91   5.7140   2.2480
7655   -17.65   19.930   0.90   5.7140   2.2480
7657   -17.65   19.930   0.90   5.7140   1.7970
7658   -17.65   19.930   0.90   5.7140   1.7970
7659   -17.65   19.930   0.88   5.7140   1.7970
7660   -17.65   19.930   0.92   5.7140   1.7970
7661   -17.65   19.930   1.69   5.7140   1.7970
7662   -17.65   19.930   1.68   5.7140   1.7970
7663   -17.65   19.930   1.69   5.7140   1.7970
7666   -17.65   19.930   1.68   5.7140   1.7970
7667   -17.65   19.930   1.68   5.7140   1.7970
7668   -17.65   19.930   1.63   5.7140   1.7970
7669   -17.65   19.930   1.63   5.7140   1.7970
7670   -17.65   19.930   1.63   5.7140   1.7970
7671   -20.24   13.810   6.82   4.3570   3.5140
7672   -20.24   13.810   6.97   4.3570   3.5140
7673   -20.24   13.810   1.04   4.3570   3.5140
7674   -20.24   13.810   1.04   4.3570   3.5140
7675   -20.24   13.810   1.04   4.3570   2.9280
7676   -20.24   13.810   1.05   4.3570   2.9280
7677   -20.24   13.810   1.05   4.3570   2.9280
7678   -20.24   13.810   1.41   4.3570   2.9280
7679   -20.24   13.810   4.43   4.3570   2.9280
7680   -20.24   13.810   4.32   4.3570   2.9280
7681   -20.24   13.810   4.24   4.3570   2.9280
7682   -20.24   13.810   4.26   4.3570   2.9280
7684   -20.24   13.810   2.34   4.3570   2.3410
7685   -20.24   13.810   2.30   4.3570   2.3410
7686   -20.24   13.810   2.30   4.3570   2.3410
7687   -20.24   13.810   2.30   4.3570   2.3410
7688   -20.24   13.810   2.31   4.3570   2.3410
7689   -20.24   13.810   2.34   4.3570   2.3410
7690   -20.24   13.810   2.32   4.3570   2.3410
7692   -20.24   13.810   2.31   4.3570   2.3410
7694   -20.24   13.810   1.05   4.3570   2.3410
7695   -20.24   13.810   1.05   4.3570   2.3410
7697   -20.24   13.810   1.06   4.3570   3.5140
7698   -20.24   13.810   1.05   4.3570   3.5140
7699   -20.24   13.810   4.16   4.3570   3.5140
7702   -20.24   13.810   4.18   4.3570   3.5140
7703   -20.24   13.810   4.17   4.3570   3.5140
7706   -20.24   13.810   2.36   4.3570   2.9280
7707   -20.24   13.810   2.34   4.3570   2.9280
7708   -20.24   13.810   2.36   4.3570   2.9280
7709   -20.24   13.810   2.35   4.3570   2.9280
7710   -20.24   13.810   2.35   4.3570   2.9280
7711   -20.24   13.810   1.03   4.3570   2.9280
7712   -20.24   13.810   1.04   4.3570   2.9280
7713   -20.24   13.810   1.04   4.3570   2.3410
7714   -20.24   13.810   1.03   4.3570   2.3410
7715   -20.24   13.810   1.04   4.3570   2.3410
7716   -20.24   13.810   1.22   4.3570   2.3410
7717   -20.24   13.810   1.22   4.3570   2.3410
7718   -20.24   13.810   1.21   4.3570   2.3410
7719   -20.24   13.810   1.21   4.3570   2.3410
7720   -20.24   13.810   1.22   4.3570   2.3410
7721   -20.24   13.810   1.23   4.3570   2.3410
7722   -20.24   13.810   1.24   4.3570   2.3410
7723   -18.51   17.750   3.38   5.2700   4.4520
7724   -18.51   17.750   6.16   5.2700   4.4520
7725   -18.51   17.750   0.90   5.2700   4.4520
7727   -18.51   17.750   0.91   5.2700   3.2140
7728   -18.51   17.750   0.89   5.2700   3.2140
7729   -18.51   17.750   3.29   5.2700   3.2140
7730   -18.51   17.750   3.36   5.2700   3.2140
7733   -18.51   17.750   3.26   5.2700   3.2140
7735   -18.51   17.750   6.06   5.2700   3.2140
7736   -18.51   17.750   6.16   5.2700   3.2140
7737   -18.51   17.750   6.06   5.2700   2.7180
7738   -18.51   17.750   6.13   5.2700   2.7180
7739   -18.51   17.750   5.97   5.2700   2.7180
7740   -18.51   17.750   6.08   5.2700   2.7180
7741   -18.51   17.750   3.29   5.2700   2.7180
7742   -18.51   17.750   2.93   5.2700   2.7180
7743   -18.51   17.750   3.36   5.2700   2.7180
7747   -18.51   17.750   0.87   5.2700   2.7180
7748   -18.51   17.750   0.88   5.2700   2.7180
7749   -18.51   17.750   0.89   5.2700   2.7180
7750   -18.51   17.750   0.88   5.2700   2.2230
7751   -18.51   17.750   0.88   5.2700   2.2230
7752   -18.51   17.750   0.89   5.2700   2.2230
7753   -18.51   17.750   3.34   5.2700   2.2230
7754   -18.51   17.750   3.35   5.2700   2.2230
7755   -18.51   17.750   3.28   5.2700   2.2230
7757   -18.51   17.750   4.53   5.2700   2.2230
7758   -18.51   17.750   4.52   5.2700   2.2230
7759   -18.51   17.750   4.52   5.2700   2.2230
7760   -18.51   17.750   6.12   5.2700   4.4520
7762   -18.51   17.750   0.89   5.2700   4.4520
7763   -18.51   17.750   3.33   5.2700   4.4520
7765   -18.51   17.750   1.32   5.2700   3.2140
7766   -18.51   17.750   1.30   5.2700   3.2140
7768   -18.51   17.750   2.12   5.2700   3.2140
7769   -18.51   17.750   2.08   5.2700   3.2140
7770   -18.51   17.750   2.11   5.2700   3.2140
7771   -18.51   17.750   2.10   5.2700   3.2140
7772   -18.51   17.750   0.85   5.2700   3.2140
7773   -18.51   17.750   0.87   5.2700   2.7180
7774   -18.51   17.750   0.84   5.2700   2.7180
7775   -18.51   17.750   2.76   5.2700   2.7180
7776   -18.51   17.750   2.75   5.2700   2.7180
7777   -18.51   17.750   2.76   5.2700   2.7180
7778   -18.51   17.750   1.30   5.2700   2.7180
7779   -18.51   17.750   1.31   5.2700   2.7180
7781   -18.51   17.750   1.25   5.2700   2.2230
7782   -18.51   17.750   1.24   5.2700   2.2230
7783   -18.51   17.750   2.04   5.2700   2.2230
7784   -18.51   17.750   2.04   5.2700   2.2230
7785   -18.51   17.750   2.04   5.2700   2.2230
7786   -18.51   17.750   2.04   5.2700   2.2230
7787   -18.51   17.750   2.05   5.2700   2.2230
7790   -18.51   17.750   0.88   5.2700   2.2230
7791   -18.51   17.750   0.84   5.2700   2.2230
7792   -18.51   17.750   0.87   5.2700   2.2230
7793   -19.10   15.940   0.98   4.8900   3.4610
7794   -19.10   15.940   0.98   4.8900   3.4610
7796   -19.10   15.940   6.54   4.8900   3.4610
7797   -19.10   15.940   6.52   4.8900   3.4610
7798   -19.10   15.940   6.60   4.8900   2.9280
7799   -19.10   15.940   6.58   4.8900   2.9280
7800   -19.10   15.940   3.26   4.8900   2.9280
7801   -19.10   15.940   0.97   4.8900   2.9280
7802   -19.10   15.940   0.97   4.8900   2.9280
7803   -19.10   15.940   0.98   4.8900   2.3940
7804   -19.10   15.940   0.95   4.8900   2.3940
7805   -19.10   15.940   3.92   4.8900   2.3940
7806   -19.10   15.940   3.94   4.8900   2.3940
7807   -19.10   15.940   3.89   4.8900   2.3940
7808   -19.10   15.940   3.52   4.8900   3.4610
7809   -19.10   15.940   3.52   4.8900   3.4610
7811   -19.10   15.940   0.98   4.8900   3.4610
7812   -19.10   15.940   0.98   4.8900   2.9280
7813   -19.10   15.940   3.22   4.8900   2.9280
7814   -19.10   15.940   3.26   4.8900   2.9280
7815   -19.10   15.940   1.90   4.8900   2.3940
7816   -19.10   15.940   1.90   4.8900   2.3940
7817   -19.10   15.940   1.90   4.8900   2.3940
7820   -19.10   15.940   0.99   4.8900   2.3940
7822   -23.22   22.250   0.36   5.7140   5.6500
7823   -23.22   22.250   0.45   5.7140   5.6500
7824   -23.22   22.250   0.10   5.7140   5.6500
7826   -21.93   23.450   0.61   5.7140   5.3600
7827   -21.93   23.450   0.62   5.7140   5.3600
7828   -21.93   23.450   0.13   5.7140   5.3600
7829   -20.71   24.710   0.20   5.7140   5.0700
7830   -20.71   24.710   0.94   5.7140   5.0700
