7593               18240           18412           0.990658           0.000708966
7594               41653           42038           0.990842           0.000464612
7595               22418           22648           0.989845           0.00066622
7596               12287           12411           0.990009           0.000892737
7597               28018           28297           0.99014           0.000587368
7599               79             79                1                     0
7600               208            212              0.981132           0.00934454
7601               374            376          	   0.994681           0.00375119
7602               1218           1230             0.990244           0.00280257
7603               1350           1357             0.994842           0.00194467
7604               608            613              0.991843           0.00363284
7635               15928           16068           0.991287           0.000733165
7636               17994           18147           0.991569           0.000678738
7637               5821           5877             0.990471           0.00126724
7638               1895           1909             0.992666           0.00195281
7639               634           641                0.98908           0.00410494
7671               187333           190239           0.984724           0.000281194
7672               220965           224477           0.984355           0.000261928
7673               8076           8145            0.991529           0.00101551
7674               3773           3804            0.991851           0.00145768
7697               21332           21485           0.992879           0.000573665
7698               25288           25440           0.994025           0.000483174
7699               127112           129081           0.984746           0.000341132
7702               122583           124506           0.984555           0.000349478
7703               18112           18413           0.983653           0.000934501
7727               48915           49231           0.993581           0.000359921
7728               32614           32806           0.994147           0.000421136
7730               47777           48150           0.992253           0.000399548
7733               35954           36228           0.992437           0.000455179
7735               99581           100571           0.990156           0.000311313
7736               114969           116014           0.990992           0.000277385
7765               18554           18698           0.992299           0.000639304
7766               26111           26269           0.993985           0.000477062
7768               37089           37360           0.992746           0.000439033
7769               24705           24907           0.99189           0.000568311
7770               17480           17598           0.993295           0.000615201
7771               19540           19676           0.993088           0.000590645
7772               27833           28027           0.993078           0.00049524
7793               25042           25205           0.993533           0.000504892
7794               24465           24624           0.993543           0.000510427
7796               113880           115130           0.989143           0.000305419
7797               106583           107793           0.988775           0.000320886
7808               63278           63922           0.989925           0.000394997
7809               54778           55389           0.988969           0.000443801
7811               18256           18377           0.993416           0.0005966
