7593	78.71
7594	90.829
7595	89.095
7596	88.736
7597	84.87
7599	11.592
7600	11.564
7601	11.471
7602	11.451
7603	11.16
7604	11.595
7635	100.942
7636	100.656
7637	100.332
7638	29.63
7639	29.496
7671	426.507
7672	435.883
7673	50.64
7674	50.958
7697	92.557
7698	92.302
7699	453.669
7702	455.119
7703	453.599
7727	20.491
7728	20.022
7730	68.988
7733	66.995
7735	161.438
7736	163.959
7765	69.168
7766	67.916
7768	120.003
7769	117.705
7770	119.244
7771	118.63
7772	44.253
7793	26.857
7794	26.879
7796	218.264
7797	217.529
7808	222.4
7809	222.499
7811	54.064
