6537   40.0248   423.929   61.1711
6537   40.0248   423.929   61.1711
6537   40.0248   423.929   61.1711
6537   40.0248   423.929   61.1711
6020   24.1398   363.149   64.6297
6020   24.1398   363.149   64.6297
6020   24.1398   363.149   64.6297
6500   34.9153   241.243   40.5864
6500   34.9153   241.243   40.5864
6500   34.9153   241.243   40.5864
6145   9.43143   80.7829   37.0266
6145   9.43143   80.7829   37.0266
6145   9.43143   80.7829   37.0266
7635   24.5304   97.1522   29.2502
7635   24.5304   97.1522   29.2502
7635   24.5304   97.1522   29.2502
7808   25.2374   207.032   77.8894
7808   25.2374   207.032   77.8894
7808   25.2374   207.032   77.8894
7699   32.8231   73.4702   84.069
7699   32.8231   73.4702   84.069
7699   32.8231   73.4702   84.069
6049   6.50101   514.557   57.3562
6049   6.50101   514.557   57.3562
6049   6.50101   514.557   57.3562
6544   26.6758   146.242   45.2353
6544   26.6758   146.242   45.2353
6544   26.6758   146.242   45.2353
6185   8.28551   459.169   18.2651
6185   8.28551   459.169   18.2651
6185   8.28551   459.169   18.2651
6514   4.53671   226.288   15.8777
6514   4.53671   226.288   15.8777
6514   4.53671   226.288   15.8777
7783   14.4686   415.915   37.1298
7783   14.4686   415.915   37.1298
7783   14.4686   415.915   37.1298
7661   11.9698   437.9   42.6867
7661   11.9698   437.9   42.6867
7661   11.9698   437.9   42.6867
6537   40.0248   423.929   61.1711
6537   40.0248   423.929   61.1711
6537   40.0248   423.929   61.1711
6020   24.1398   363.149   64.6297
6020   24.1398   363.149   64.6297
6020   24.1398   363.149   64.6297
6500   34.9153   241.243   40.5864
6500   34.9153   241.243   40.5864
6500   34.9153   241.243   40.5864
6145   9.43143   80.7829   37.0266
6145   9.43143   80.7829   37.0266
7635   24.5304   97.1522   29.2502
6145   9.43143   80.7829   37.0266
7635   24.5304   97.1522   29.2502
7635   24.5304   97.1522   29.2502
7808   25.2374   207.032   77.8894
7808   25.2374   207.032   77.8894
7808   25.2374   207.032   77.8894
7699   32.8231   73.4702   84.069
7699   32.8231   73.4702   84.069
7699   32.8231   73.4702   84.069
6049   6.50101   514.557   57.3562
6544   26.6758   146.242   45.2353
6049   6.50101   514.557   57.3562
6544   26.6758   146.242   45.2353
6049   6.50101   514.557   57.3562
6185   8.28551   459.169   18.2651
6544   26.6758   146.242   45.2353
6185   8.28551   459.169   18.2651
6514   4.53671   226.288   15.8777
6514   4.53671   226.288   15.8777
6185   8.28551   459.169   18.2651
6514   4.53671   226.288   15.8777
7783   14.4686   415.915   37.1298
7783   14.4686   415.915   37.1298
7783   14.4686   415.915   37.1298
7661   11.9698   437.9   42.6867
7661   11.9698   437.9   42.6867
7661   11.9698   437.9   42.6867
6537   40.0248   423.929   61.1711
6537   40.0248   423.929   61.1711
6020   24.1398   363.149   64.6297
6537   40.0248   423.929   61.1711
6537   40.0248   423.929   61.1711
6020   24.1398   363.149   64.6297
6500   34.9153   241.243   40.5864
6020   24.1398   363.149   64.6297
6145   9.43143   80.7829   37.0266
6500   34.9153   241.243   40.5864
7635   24.5304   97.1522   29.2502
7808   25.2374   207.032   77.8894
6145   9.43143   80.7829   37.0266
7635   24.5304   97.1522   29.2502
7699   32.8231   73.4702   84.069
7808   25.2374   207.032   77.8894
7699   32.8231   73.4702   84.069
6049   6.50101   514.557   57.3562
6544   26.6758   146.242   45.2353
6185   8.28551   459.169   18.2651
6514   4.53671   226.288   15.8777
6049   6.50101   514.557   57.3562
6544   26.6758   146.242   45.2353
6185   8.28551   459.169   18.2651
6514   4.53671   226.288   15.8777
7783   14.4686   415.915   37.1298
7783   14.4686   415.915   37.1298
7661   11.9698   437.9   42.6867
7661   11.9698   437.9   42.6867
6537   40.0248   423.929   61.1711
6020   24.1398   363.149   64.6297
6500   34.9153   241.243   40.5864
6145   9.43143   80.7829   37.0266
7635   24.5304   97.1522   29.2502
7808   25.2374   207.032   77.8894
7699   32.8231   73.4702   84.069
6049   6.50101   514.557   57.3562
6544   26.6758   146.242   45.2353
6185   8.28551   459.169   18.2651
6514   4.53671   226.288   15.8777
7783   14.4686   415.915   37.1298
7661   11.9698   437.9   42.6867
