6537       5.27       0.988282       0.000881311
6020       4.51       0.992635       0.000615911
6500       6.36       0.988795       0.000790302
6145       5.98       0.984214       0.000836141
7635       5.71       0.994313       0.000746233
7808       4.89       0.994345       0.000786475
7699       4.35       0.996919       0.000713846
6049       4.51       0.992969       0.000715576
6544       5.27       0.990039       0.00258285
6185       5.98       0.979445       0.00230109
6514       6.35       0.983601       0.00244558
7783       5.27       0.992092       0.000881593
7661       5.71       0.986468       0.00120329
