6537       5.27       0.988133       0.000872417
6020       4.51       0.992553       0.000608824
6500       6.36       0.989066       0.000769428
6145       5.98       0.9844       0.000819565
7635       5.71       0.994416       0.000727886
7808       4.89       0.994435       0.000766602
7699       4.35       0.996603       0.000733831
6049       4.51       0.992793       0.000714578
6544       5.27       0.990468       0.00249121
6185       5.98       0.979082       0.00229311
6514       6.35       0.983771       0.0023996
7783       5.27       0.992088       0.0008602
7661       5.71       0.986603       0.00116526
