6537       5.27       0.994667       0.000739694
6020       4.51       0.995976       0.000568059
6500       6.36       0.994855       0.000678507
6145       5.98       0.992226       0.000733683
7635       5.71       0.998196       0.000535625
7808       4.89       0.99766       0.000651383
7699       4.35       0.999946       0.000121089
6049       4.51       0.997485       0.000546484
6544       5.27       0.998017       0.00148674
6185       5.98       0.991383       0.00196697
6514       6.35       0.992994       0.00215446
7783       5.27       0.998296       0.000525362
7661       5.71       0.996578       0.00079691
