6537       5.27       0.922958       0.00157317
6020       4.51       0.925645       0.00135051
6500       6.36       0.976083       0.000849352
6145       5.98       0.959289       0.000974063
7635       5.71       0.980514       0.00098767
7808       4.89       0.962766       0.00141675
7699       4.35       0.977771       0.00134751
6049       4.51       0.909649       0.00170096
6544       5.27       0.925699       0.00472867
6185       5.98       0.942577       0.0025985
6514       6.35       0.956398       0.00268935
7783       5.27       0.944923       0.00155392
7661       5.71       0.957732       0.00139586
