6537       5.27       0.995044       0.000634155
6020       4.51       0.995878       0.000511771
6500       6.36       0.994256       0.00062354
6145       5.98       0.992431       0.000636748
7635       5.71       0.998345       0.000453114
7808       4.89       0.997801       0.00055941
7699       4.35       0.999888       0.000154227
6049       4.51       0.997554       0.000470587
6544       5.27       0.997038       0.00156966
6185       5.98       0.993134       0.00148617
6514       6.35       0.990252       0.00208232
7783       5.27       0.997664       0.000537878
7661       5.71       0.995443       0.000776817
