6537       5.27       0.98699       0.000807363
6020       4.51       0.991146       0.000583879
6500       6.36       0.989774       0.000662977
6145       5.98       0.984189       0.000728654
7635       5.71       0.993689       0.000674317
7808       4.89       0.994259       0.000677141
7699       4.35       0.995845       0.000701863
6049       4.51       0.991998       0.000654744
6544       5.27       0.99171       0.00201426
6185       5.98       0.979196       0.00198418
6514       6.35       0.983447       0.00212726
7783       5.27       0.990822       0.000797246
7661       5.71       0.987373       0.000963731
