6537       5.27       0.989895       0.000805755
6020       4.51       0.994197       0.0005379
6500       6.36       0.990762       0.000707858
6145       5.98       0.986007       0.000776856
7635       5.71       0.99609       0.000609562
7808       4.89       0.997289       0.000535809
7699       4.35       0.999602       0.000251489
6049       4.51       0.994683       0.000614375
6544       5.27       0.990978       0.00242435
6185       5.98       0.980956       0.00219007
6514       6.35       0.984086       0.00237654
7783       5.27       0.995256       0.000667172
7661       5.71       0.989791       0.00101888
6537       5.27       0.989895       0.000805755
6020       4.51       0.994197       0.0005379
6500       6.36       0.990762       0.000707858
6145       5.98       0.986007       0.000776856
7635       5.71       0.99609       0.000609562
7808       4.89       0.997289       0.000535809
7699       4.35       0.999602       0.000251489
6049       4.51       0.994683       0.000614375
6544       5.27       0.990978       0.00242435
6185       5.98       0.980956       0.00219007
6514       6.35       0.984086       0.00237654
7783       5.27       0.995256       0.000667172
7661       5.71       0.989791       0.00101888
