6537   19442.6    19698.9      = 0.98699    19448.1   20324.1      = 0.956899
6537   15250.7    15406.4      = 0.989895    15256.3   15947.7      = 0.956643
6537   12202    12262.7      = 0.995044    12207.5   12763.6      = 0.956435
6537   26518.1    28731.6      = 0.922958    26525.4   27676      = 0.958426
6020   19825.4    19941.1      = 0.994197    19825.9   20765.6      = 0.954747
6020   15608.1    15672.7      = 0.995878    15608.6   16356.2      = 0.954293
6020   25512.7    25740.6      = 0.991146    25515.2   26726      = 0.954696
6500   14604.6    14689      = 0.994256    14609.9   15256.3      = 0.957631
6500   22793    23028.5      = 0.989774    22801.6   23824      = 0.957087
6500   18098    18266.7      = 0.990762    18103.3   18923.4      = 0.956661
6145   18386.4    18526.6      = 0.992431    18392   19192.8      = 0.958277
6145   28845.3    29308.7      = 0.984189    28850.5   30089.3      = 0.958829
6145   22542.6    22862.5      = 0.986007    22548.2   23510.6      = 0.959065
7635   8036.12    8049.45      = 0.998345    8029.13   8403.9      = 0.955405
7635   13705.5    13792.6      = 0.993689    13695.5   14296.3      = 0.957974
7635   10439.8    10480.7      = 0.99609    10432.8   10900.5      = 0.957089
7808   6997.57    7013      = 0.997801    6983.35   7376.77      = 0.946667
7808   12377.9    12449.4      = 0.994259    12356.7   13014.3      = 0.949471
7808   9390.85    9416.37      = 0.997289    9373.63   9869.83      = 0.949726
7699   4697.27    4697.8      = 0.999888    4697.28   5074.42      = 0.925676
7699   8364.65    8399.55      = 0.995845    8364.65   8995.45      = 0.929876
7699   6283.35    6285.85      = 0.999602    6283.35   6776.55      = 0.92722
6049   10991.2    11018.1      = 0.997554    10992.2   11522      = 0.954016
6049   18368.9    18517      = 0.991998    18369.8   19218      = 0.955867
6049   13937.1    14011.6      = 0.994683    13938.1   14607.6      = 0.954168
6544   1195.03    1198.58      = 0.997038    1195.03   1246.95      = 0.958358
6544   1507.5    1521.22      = 0.990978    1507.5   1573.95      = 0.957781
6544   2009.63    2026.43      = 0.99171    2009.63   2094.93      = 0.959283
6185   3066.28    3087.48      = 0.993134    3066.05   3223.8      = 0.951067
6185   3820.72    3894.9      = 0.980956    3820.5   4010.13      = 0.952713
6185   5066.75    5174.4      = 0.979196    5066.52   5314.9      = 0.953268
6514   2204.45    2226.15      = 0.990252    2205.45   2296.08      = 0.96053
6514   3537.9    3597.45      = 0.983447    3538.9   3689.33      = 0.959227
6514   2728.65    2772.78      = 0.984086    2729.65   2846.95      = 0.958798
7783   8038.22    8057.05      = 0.997664    8039.45   8731.47      = 0.920744
7783   14175.3    14306.6      = 0.990822    14169.2   15420.9      = 0.918834
7783   10557.4    10607.7      = 0.995256    10557   11471      = 0.920327
7661   7482.32    7516.57      = 0.995443    7482.32   8236.22      = 0.908465
7661   13254.1    13423.6      = 0.987373    13252.1   14628.6      = 0.905907
7661   9634.5    9733.87      = 0.989791    9634.5   10625.2      = 0.906755
6537   14735.6    14910.4      = 0.988282    14741.2   15919.8      = 0.925966
6537   15250.7    15406.4      = 0.989895    15256.3   15947.7      = 0.956643
6537   26518.1    28731.6      = 0.922958    26525.4   27676      = 0.958426
6020   19130.9    19272.8      = 0.992635    19131.4   20731.3      = 0.922828
6020   19825.4    19941.1      = 0.994197    19825.9   20765.6      = 0.954747
6020   34930.3    37736.2      = 0.925645    34932.8   36524      = 0.956435
6500   17539.6    17738.4      = 0.988795    17544.9   18890.5      = 0.928774
6500   18098    18266.7      = 0.990762    18103.3   18923.4      = 0.956661
6500   31587.3    32361.3      = 0.976083    31601.3   33004.9      = 0.957473
6145   21871.8    22222.6      = 0.984214    21877.5   23472.3      = 0.932052
6145   22542.6    22862.5      = 0.986007    22548.2   23510.6      = 0.959065
7635   10096.9    10154.6      = 0.994313    10089.9   10883      = 0.927125
6145   39485.9    41161.6      = 0.959289    39493.6   41136.1      = 0.960073
7635   10439.8    10480.7      = 0.99609    10432.8   10900.5      = 0.957089
7635   19205.1    19586.7      = 0.980514    19192   20041.9      = 0.957596
7808   9038.62    9090.02      = 0.994345    9021.4   9843.17      = 0.916513
7808   9390.85    9416.37      = 0.997289    9373.63   9869.83      = 0.949726
7808   17194.6    17859.6      = 0.962766    17165.1   18073.4      = 0.949744
7699   6009.65    6028.22      = 0.996919    6009.65   6756.92      = 0.889406
7699   6283.35    6285.85      = 0.999602    6283.35   6776.55      = 0.92722
7699   11703.7    11969.8      = 0.977771    11703.8   12534.5      = 0.933723
6049   13539.4    13635.3      = 0.992969    13540.4   14580.5      = 0.928664
6544   1463.55    1478.28      = 0.990039    1463.55   1573.18      = 0.930316
6049   13937.1    14011.6      = 0.994683    13938.1   14607.6      = 0.954168
6544   1507.5    1521.22      = 0.990978    1507.5   1573.95      = 0.957781
6049   25839.9    28406.5      = 0.909649    25840.9   27051.3      = 0.955257
6185   3723.92    3802.07      = 0.979445    3723.7   4002.05      = 0.930448
6544   2847.45    3076      = 0.925699    2847.45   2959.47      = 0.962147
6185   3820.72    3894.9      = 0.980956    3820.5   4010.13      = 0.952713
6514   2652.65    2696.88      = 0.983601    2653.65   2844.08      = 0.933045
6514   2728.65    2772.78      = 0.984086    2729.65   2846.95      = 0.958798
6185   7555.68    8015.97      = 0.942577    7555.45   7877.35      = 0.959136
6514   5514.32    5765.72      = 0.956398    5515.32   5750.25      = 0.959145
7783   10014.5    10094.3      = 0.992092    10014.2   11431.8      = 0.875991
7783   10557.4    10607.7      = 0.995256    10557   11471      = 0.920327
7783   20366.2    21553.3      = 0.944923    20357.3   22115.6      = 0.920496
7661   9094.45    9219.2      = 0.986468    9094.45   10589.1      = 0.858848
7661   9634.5    9733.87      = 0.989791    9634.5   10625.2      = 0.906755
7661   19898.6    20776.8      = 0.957732    19893.6   21899.9      = 0.908386
6537   14735.6    14910.4      = 0.988282    14741.2   15919.8      = 0.925966
6537   15223.6    15406.4      = 0.988133    15229.1   15919.8      = 0.956615
6020   19792.6    19941.1      = 0.992553    19793.1   20731.3      = 0.954747
6537   15223.6    15406.4      = 0.988133    15229.1   15919.8      = 0.956615
6537   14735.6    14910.4      = 0.988282    14741.2   15919.8      = 0.925966
6020   19792.6    19941.1      = 0.992553    19793.1   20731.3      = 0.954747
6500   18067    18266.7      = 0.989066    18072.3   18890.5      = 0.956691
6020   19130.9    19272.8      = 0.992635    19131.4   20731.3      = 0.922828
6145   22505.9    22862.5      = 0.9844    22511.5   23472.3      = 0.959065
6500   17539.6    17738.4      = 0.988795    17544.9   18890.5      = 0.928774
7635   10422.2    10480.7      = 0.994416    10415.2   10883      = 0.95702
7808   9363.97    9416.37      = 0.994435    9346.75   9843.17      = 0.949567
6145   21871.8    22222.6      = 0.984214    21877.5   23472.3      = 0.932052
7635   10096.9    10154.6      = 0.994313    10089.9   10883      = 0.927125
7699   6264.5    6285.85      = 0.996603    6264.5   6756.92      = 0.927123
7808   9038.62    9090.02      = 0.994345    9021.4   9843.17      = 0.916513
7699   6009.65    6028.22      = 0.996919    6009.65   6756.92      = 0.889406
6049   13910.6    14011.6      = 0.992793    13911.6   14580.5      = 0.95412
6544   1506.72    1521.22      = 0.990468    1506.72   1573.18      = 0.957761
6185   3813.42    3894.9      = 0.979082    3813.2   4002.05      = 0.952812
6514   2727.78    2772.78      = 0.983771    2728.78   2844.08      = 0.95946
6049   13539.4    13635.3      = 0.992969    13540.4   14580.5      = 0.928664
6544   1463.55    1478.28      = 0.990039    1463.55   1573.18      = 0.930316
6185   3723.92    3802.07      = 0.979445    3723.7   4002.05      = 0.930448
6514   2652.65    2696.88      = 0.983601    2653.65   2844.08      = 0.933045
7783   10523.8    10607.7      = 0.992088    10523.5   11431.8      = 0.92054
7783   10014.5    10094.3      = 0.992092    10014.2   11431.8      = 0.875991
7661   9603.47    9733.87      = 0.986603    9603.48   10589.1      = 0.906919
7661   9094.45    9219.2      = 0.986468    9094.45   10589.1      = 0.858848
6537   9642.95    9694.65      = 0.994667    9647.5   10095.4      = 0.955638
6020   12369.6    12419.6      = 0.995976    12370.2   12964      = 0.954192
6500   11060.7    11117.9      = 0.994855    11065.3   11566      = 0.956711
6145   14218.4    14329.8      = 0.992226    14222.5   14853.6      = 0.95751
7635   6265.87    6277.2      = 0.998196    6260.88   6556.45      = 0.954918
7808   5489.22    5502.1      = 0.99766    5477   5781.6      = 0.947316
7699   3692.98    3693.18      = 0.999946    3692.98   4005.5      = 0.921976
6049   8378.77    8399.9      = 0.997485    8379.77   8783.98      = 0.953984
6544   893.45    895.225      = 0.998017    893.45   931.95      = 0.958689
6185   2188.9    2207.93      = 0.991383    2188.68   2312.9      = 0.94629
6514   1488.25    1498.75      = 0.992994    1488.25   1553.98      = 0.957705
7783   6152.12    6162.62      = 0.998296    6152.35   6679.25      = 0.921114
7661   5351.45    5369.82      = 0.996578    5350.45   5902.95      = 0.906403
