6537       3.73       0.925966       0.00207512
6020       4.26       0.922828       0.00185344
6500       2.96       0.928774       0.00187135
6145       3.22       0.932052       0.00164259
7635       3.15       0.927125       0.00249165
7808       3.46       0.916513       0.00278811
7699       3.51       0.889406       0.00381541
6049       2.43       0.928664       0.00213156
6544       2.66       0.930316       0.00641938
6185       1.84       0.930448       0.00402123
6514       1.69       0.933045       0.00468675
7783       2.22       0.875991       0.00308261
7661       1.79       0.858848       0.00338354
