6537       3.73       0.956435       0.00180681
6020       4.26       0.954293       0.00163302
6500       2.96       0.957631       0.0016308
6145       3.22       0.958277       0.00144332
7635       3.15       0.955405       0.00225164
7808       3.46       0.946667       0.00261615
7699       3.51       0.925676       0.00368214
6049       2.43       0.954016       0.00195126
6544       2.66       0.958358       0.00565722
6185       1.84       0.951067       0.00379946
6514       1.69       0.96053       0.00406344
7783       2.22       0.920744       0.00289096
7661       1.79       0.908465       0.00317748
