6537       3.73       0.958426       0.00119988
6020       4.26       0.956435       0.00106809
6500       2.96       0.957473       0.00111072
6145       3.22       0.960073       0.000965329
7635       3.15       0.957596       0.00142339
7808       3.46       0.949744       0.00162509
7699       3.51       0.933723       0.00222196
6049       2.43       0.955257       0.00125698
6544       2.66       0.962147       0.00350803
6185       1.84       0.959136       0.00223059
6514       1.69       0.959145       0.00261048
7783       2.22       0.920496       0.0018191
7661       1.79       0.908386       0.00194937
