6537       3.73       0.956643       0.00161271
6020       4.26       0.954747       0.00144243
6500       2.96       0.956661       0.0014802
6145       3.22       0.959065       0.00129222
7635       3.15       0.957089       0.00194105
7808       3.46       0.949726       0.00219947
7699       3.51       0.92722       0.00315569
6049       2.43       0.954168       0.00173025
6544       2.66       0.957781       0.00506862
6185       1.84       0.952713       0.00335175
6514       1.69       0.958798       0.00372506
7783       2.22       0.920327       0.00252829
7661       1.79       0.906755       0.0028209
6537       3.73       0.956643       0.00161271
6020       4.26       0.954747       0.00144243
6500       2.96       0.956661       0.0014802
6145       3.22       0.959065       0.00129222
7635       3.15       0.957089       0.00194105
7808       3.46       0.949726       0.00219947
7699       3.51       0.92722       0.00315569
6049       2.43       0.954168       0.00173025
6544       2.66       0.957781       0.00506862
6185       1.84       0.952713       0.00335175
6514       1.69       0.958798       0.00372506
7783       2.22       0.920327       0.00252829
7661       1.79       0.906755       0.0028209
