6537       3.73       0.956899       0.00142454
6020       4.26       0.954696       0.00127214
6500       2.96       0.957087       0.00131299
6145       3.22       0.958829       0.00114541
7635       3.15       0.957974       0.00167813
7808       3.46       0.949471       0.00192
7699       3.51       0.929876       0.00269237
6049       2.43       0.955867       0.00148159
6544       2.66       0.959283       0.00431797
6185       1.84       0.953268       0.00289512
6514       1.69       0.959227       0.00325592
7783       2.22       0.918834       0.00219913
7661       1.79       0.905907       0.0024139
