6537       3.73       0.955638       0.00204923
6020       4.26       0.954192       0.00183619
6500       2.96       0.956711       0.00189229
6145       3.22       0.95751       0.001655
7635       3.15       0.954918       0.00256241
7808       3.46       0.947316       0.00293808
7699       3.51       0.921976       0.00423785
6049       2.43       0.953984       0.00223552
6544       2.66       0.958689       0.00651893
6185       1.84       0.94629       0.0046877
6514       1.69       0.957705       0.00510549
7783       2.22       0.921114       0.00329832
7661       1.79       0.906403       0.00379103
