6537       3.73       0.956615       0.00161461
6020       4.26       0.954747       0.00144362
6500       2.96       0.956691       0.00148099
6145       3.22       0.959065       0.00129329
7635       3.15       0.95702       0.00194411
7808       3.46       0.949567       0.00220574
7699       3.51       0.927123       0.0031622
6049       2.43       0.95412       0.0017327
6544       2.66       0.957761       0.00507106
6185       1.84       0.952812       0.00335181
6514       1.69       0.95946       0.00369817
7783       2.22       0.92054       0.00252952
7661       1.79       0.906919       0.00282348
